[1462740884158, 327],
[1462740937763, 319],
[1462741039571, 312],
[1462741853953, 224],
[1462742305609, 202],
[1462742315104, 201],
[1462742621655, 190],
[1462742950263, 180],
[1462743323287, 169],
[1462743332226, 172],
[1462743606599, 167],
[1462743622750, 167],
[1462744949471, 154],
[1462745195084, 154],
[1462745261412, 152],
[1462746163037, 160],
[1462747064675, 145],
[1462747969371, 144],
[1462748871026, 151],
[1462749772755, 150],
[1462750674415, 160],
[1462751576105, 150],
[1462752477812, 141],
[1462753380146, 142],
[1462754281801, 136],
[1462755183925, 144],
[1462756085683, 138],
[1462756987895, 131],
[1462757889486, 131],
[1462758791146, 125],
[1462759692808, 145],
[1462760594488, 133],
[1462761496183, 141],
[1462762397943, 139],
[1462763299785, 159],
[1462764202517, 159],
[1462765104160, 175],
[1462766005827, 191],
[1462766907461, 215],
[1462767809200, 279],
[1462768710824, 319],
[1462769612557, 352],
[1462770514516, 408],
[1462771416973, 441],
[1462772318888, 495],
[1462773220565, 569],
[1462775024417, 836],
[1462776844423, 856],
[1462777766542, 707],
[1462778668231, 678],
[1462779569997, 726],
[1462780471745, 753],
[1462781373492, 743],
[1462782306051, 689],
[1462783207848, 698],
[1462784109540, 747],
[1462785011334, 724],
[1462785913636, 707],
[1462786815424, 654],
[1462787717008, 578],
[1462788618789, 613],
[1462789520636, 570],
[1462790422326, 541],
[1462791323949, 562],
[1462792225675, 561],
[1462793127298, 562],
[1462808274861, 479],
[1462809177063, 484],
[1462810078608, 500],
[1462810980159, 498],
[1462811881857, 482],
[1462812783565, 497],
[1462813685179, 488],
[1462814586685, 545],
[1462815488292, 770],
[1462816389890, 695],
[1462821827304, 477],
[1462822728879, 372],
[1462823630944, 326],
[1462824532471, 307],
[1462825434008, 282],
[1462826335425, 270],
[1462827237000, 269],
[1462828138568, 239],
[1462829040141, 197],
[1462829941691, 174],
[1462830843552, 174],
[1462831745119, 179],
[1462832646728, 189],
[1462833548414, 204],
[1462834449919, 205],
[1462835351434, 202],
[1462836252954, 209],
[1462837154589, 196],
[1462838056648, 189],
[1462838958160, 176],
[1462839859871, 156],
[1462840761440, 148],
[1462841663241, 136],
[1462842564754, 137],
[1462843466323, 131],
[1462844367867, 125],
[1462845269479, 125],
[1462846171389, 126],
[1462847072957, 135],
[1462847983600, 146],
[1462848888161, 149],
[1462849789703, 154],
[1462850691233, 152],
[1462851592779, 165],
[1462852494844, 172],
[1462853396483, 203],
[1462854298118, 269],
[1462855199586, 322],
[1462856101256, 356],
[1462857002980, 401],
[1462857904588, 421],
[1462858806209, 457],
[1462859707813, 542],
[1462861511072, 799],
[1462862412532, 948],
[1462863327862, 786],
[1462864256139, 622],
[1462865157702, 615],
[1462866059585, 670],
[1462867863282, 622],
[1462868765374, 635],
[1462869666975, 681],
[1462870568622, 680],
[1462871470235, 682],
[1462872377709, 659],
[1462873279624, 649],
[1462874181625, 583],
[1462875083155, 512],
[1462875984732, 486],
[1462876886376, 497],
[1462877788054, 545],
[1462878689682, 547],
[1462879591311, 538],
[1462880492863, 559],
[1462881395649, 638],
[1462883198902, 1159],
[1462884103410, 921],
[1462885005311, 842],
[1462885906797, 750],
[1462886812223, 669],
[1462887713761, 625],
[1462888615297, 601],
[1462889516984, 509],
[1462890418717, 476],
[1462891320432, 466],
[1462892222009, 470],
[1462893123579, 432],
[1462894025332, 419],
[1462894927011, 448],
[1462895829245, 466],
[1462896730917, 475],
[1462897632371, 488],
[1462898533938, 513],
[1462899435509, 539],
[1462900337091, 490],
[1462901238669, 538],
[1462903042000, 748],
[1462905747333, 1067],
[1462906650133, 968],
[1462907552897, 642],
[1462908460111, 519],
[1462909367651, 444],
[1462910270456, 371],
[1462911173603, 309],
[1462912075207, 262],
[1462912976848, 244],
[1462913878584, 215],
[1462914780213, 213],
[1462915682344, 215],
[1462916585011, 212],
[1462917487273, 205],
[1462918388987, 219],
[1462919290684, 238],
[1462920193405, 228],
[1462921095043, 241],
[1462921996719, 237],
[1462922898447, 235],
[1462923800045, 228],
[1462924702345, 207],
[1462925604018, 189],
[1462926505633, 187],
[1462927407328, 182],
[1462928309265, 169],
[1462929210974, 164],
[1462930112636, 167],
[1462931014265, 165],
[1462931915960, 161],
[1462932817584, 173],
[1462933719176, 173],
[1462934620896, 176],
[1462935523217, 165],
[1462936424901, 177],
[1462937326588, 189],
[1462938228389, 196],
[1462939130319, 215],
[1462940032012, 243],
[1462940933740, 291],
[1462941835852, 355],
[1462942737492, 384],
[1462943639224, 437],
[1462944540933, 430],
[1462945442658, 461],
[1462946344292, 646],
[1462947246006, 841],
[1462948147826, 807],
[1462949049504, 822],
[1462949951326, 706],
[1462950853049, 612],
[1462951754721, 597],
[1463071353132, 515],
[1463072255191, 529],
[1463073156752, 487],
[1463074058429, 533],
[1463075861534, 663],
[1463080369566, 909],
[1463081271191, 824],
[1463082172776, 793],
[1463084878051, 255],
[1463086681699, 201],
[1463088485267, 163],
[1463089386833, 164],
[1463090288416, 165],
[1463091190075, 167],
[1463092104843, 175],
[1463093006334, 165],
[1463093907913, 158],
[1463094809450, 162],
[1463095711095, 162],
[1463096612642, 161],
[1463097514158, 159],
[1463098415758, 143],
[1463099317306, 149],
[1463100218821, 150],
[1463101120689, 142],
[1463102022305, 150],
[1463102923879, 138],
[1463103825381, 130],
[1463104727293, 131],
[1463105628885, 135],
[1463106530521, 132],
[1463107432048, 137],
[1463108333723, 142],
[1463109235483, 160],
[1463110137164, 165],
[1463111038763, 184],
[1463111941362, 201],
[1463112843351, 236],
[1463113745123, 293],
[1463114646876, 330],
[1463115549019, 380],
[1463116450648, 424],
[1463117352349, 436],
[1463118253946, 444],
[1463120959760, 789],
[1463122789637, 652],
[1463123691220, 594],
[1463124592800, 602],
[1463125494303, 623],
[1463126396372, 614],
[1463127297953, 612],
[1463128199613, 651],
[1463129101163, 680],
[1463130003464, 719],
[1463130905092, 669],
[1463131806736, 651],
[1463132708533, 647],
[1463133609975, 574],
[1463134511369, 527],
[1463135412843, 479],
[1463136314360, 480],
[1463137215975, 546],
[1463138117467, 549],
[1463139018966, 563],
[1463244189971, 374],
[1463245092343, 392],
[1463245994312, 395],
[1463246896170, 418],
[1463247797920, 392],
[1463248699672, 409],
[1463249601469, 414],
[1463250503031, 259],
[1463251404841, 228],
[1463252306905, 233],
[1463253208993, 213],
[1463254110652, 233],
[1463255012225, 235],
[1463255914253, 228],
[1463256815884, 224],
[1463257717649, 231],
[1463258619285, 239],
[1463259521224, 260],
[1463260422803, 263],
[1463261324573, 267],
[1463262226276, 276],
[1463263127842, 293],
[1463264029515, 287],
[1463264931315, 280],
[1463265832922, 275],
[1463266734918, 269],
[1463267636606, 236],
[1463268538190, 232],
[1463269439910, 229],
[1463270341704, 223],
[1463271246387, 216],
[1463272148063, 210],
[1463273049973, 199],
[1463273951926, 198],
[1463274853661, 191],
[1463275755291, 189],
[1463276657394, 170],
[1463277559477, 169],
[1463278464348, 165],
[1463279366204, 144],
[1463280267937, 144],
[1463281169778, 144],
[1463282071544, 144],
[1463282976736, 158],
[1463283878816, 182],
[1463284780487, 206],
[1463285682213, 267],
[1463286583844, 309],
[1463287485593, 367],
[1463288387749, 436],
[1463289289462, 488],
[1463290191238, 535],
[1463291092841, 584],
[1463291994526, 710],
[1463292896446, 761],
[1463293798190, 763],
[1463294699959, 739],
[1463295601815, 755],
[1463296503553, 821],
[1463297405344, 857],
[1463298307068, 705],
[1463299209155, 675],
[1463300110808, 622],
[1463301012626, 553],
[1463301914454, 492],
[1463302816519, 476],
[1463303718167, 434],
[1463304619840, 397],
[1463305521599, 390],
[1463306423491, 362],
[1463307325087, 361],
[1463308226793, 355],
[1463309128554, 348],
[1463310030726, 356],
[1463310963618, 377],
[1463311865368, 365],
[1463312767017, 365],
[1463313668944, 405],
[1463314570717, 356],
[1463315472401, 334],
[1463316374015, 325],
[1463317276158, 303],
[1463318177801, 296],
[1463319080589, 293],
[1463319982293, 272],
[1463320884327, 258],
[1463321786003, 254],
[1463322687740, 219],
[1463323589369, 224],
[1463324491044, 222],
[1463325392703, 225],
[1463326294380, 241],
[1463327196117, 221],
[1463328098196, 244],
[1463328999846, 245],
[1463329901487, 247],
[1463330803255, 262],
[1463331705291, 258],
[1463332607046, 279],
[1463333508825, 281],
[1463334410548, 279],
[1463335312455, 390],
[1463336214126, 337],
[1463337116762, 331],
[1463338018426, 355],
[1463338920146, 320],
[1463339822133, 295],
[1463340723813, 318],
[1463341625404, 334],
[1463342530054, 316],
[1463343431882, 337],
[1463344333557, 347],
[1463345235278, 363],
[1463346137454, 314],
[1463347039207, 259],
[1463347940913, 247],
[1463348842574, 233],
[1463349744282, 209],
[1463350649268, 192],
[1463351550948, 194],
[1463352452712, 180],
[1463353354988, 185],
[1463354256797, 171],
[1463355158821, 172],
[1463356060462, 177],
[1463356962521, 168],
[1463357864555, 166],
[1463358766254, 160],
[1463359668004, 152],
[1463360570055, 149],
[1463361472076, 153],
[1463362373902, 156],
[1463363276012, 157],
[1463364178151, 153],
[1463365081263, 146],
[1463365983310, 143],
[1463366884931, 152],
[1463367786593, 153],
[1463368688259, 150],
[1463369590072, 157],
[1463370491776, 165],
[1463371393438, 206],
[1463372295154, 244],
[1463373196863, 276],
[1463374098641, 314],
[1463375003041, 355],
[1463375904919, 386],
[1463376806673, 450],
[1463377708487, 491],
[1463378610376, 900],
[1463379512463, 742],
[1463381315946, 783],
[1463382217705, 670],
[1463383119615, 618],
[1463384021334, 699],
[1463384923122, 693],
[1463385825354, 724],
[1463386727056, 687],
[1463387629909, 730],
[1463388531703, 795],
[1463389434278, 785],
[1463390336186, 764],
[1463391238112, 788],
[1463392139850, 718],
[1463393041624, 639],
[1463393943443, 542],
[1463394845281, 510],
[1463395747286, 498],
[1463396649615, 548],
[1463397551543, 553],
[1463398453447, 544],
[1463399355062, 568],
[1463402091325, 1024],
[1463402993014, 978],
[1463403895439, 835],
[1463404797602, 605],
[1463405699312, 568],
[1463406601091, 554],
[1463407503380, 563],
[1463408405120, 527],
