[1462740884158, 233],
[1462740937763, 237],
[1462741039571, 240],
[1462741853953, 240],
[1462742305609, 250],
[1462742315104, 249],
[1462742621655, 242],
[1462742950263, 239],
[1462743323287, 253],
[1462743332226, 251],
[1462743606599, 245],
[1462743622750, 245],
[1462744949471, 259],
[1462745195084, 246],
[1462745261412, 249],
[1462746163037, 260],
[1462747064675, 269],
[1462747969371, 260],
[1462748871026, 241],
[1462749772755, 240],
[1462750674415, 240],
[1462751576105, 241],
[1462752477812, 252],
[1462753380146, 249],
[1462754281801, 263],
[1462755183925, 259],
[1462756085683, 255],
[1462756987895, 274],
[1462757889486, 264],
[1462758791146, 259],
[1462759692808, 264],
[1462760594488, 267],
[1462808274861, 423],
[1462809177063, 372],
[1462810078608, 399],
[1462810980159, 451],
[1462811881857, 505],
[1462812783565, 559],
[1462813685179, 623],
[1462814586685, 642],
[1462815488292, 627],
[1462816418497, 615],
[1462820925849, 900],
[1462821827304, 609],
[1462822728879, 526],
[1462823630944, 460],
[1462824532471, 400],
[1462825434008, 370],
[1462826335425, 336],
[1462827237000, 297],
[1462828138568, 269],
[1462829040141, 258],
[1462829941691, 271],
[1462830843552, 262],
[1462831745119, 262],
[1462832646728, 312],
[1462833548414, 326],
[1462834449919, 310],
[1462835351434, 301],
[1462836252954, 303],
[1462837154589, 301],
[1462838056648, 299],
[1462838958160, 289],
[1462839859871, 283],
[1462840761440, 270],
[1462841663241, 264],
[1462842564754, 267],
[1462843466323, 263],
[1462844367867, 274],
[1462845269479, 270],
[1462846171389, 268],
[1462847082471, 267],
[1462847983600, 280],
[1462848888161, 294],
[1462849789703, 290],
[1462850691233, 318],
[1462851592779, 326],
[1462852494844, 362],
[1462853396483, 364],
[1462854298118, 383],
[1462855199586, 413],
[1462856101256, 436],
[1462857002980, 483],
[1462857904588, 546],
[1462858806209, 604],
[1462859707813, 860],
[1462866961598, 3230],
[1462867863282, 3255],
[1462873279624, 1620],
[1462874181625, 1403],
[1462875083155, 1274],
[1462875984732, 1032],
[1462876886376, 799],
[1462877788054, 706],
[1462878689682, 602],
[1462879591311, 584],
[1462880492863, 589],
[1462881395649, 628],
[1462882297251, 1009],
[1462883198902, 893],
[1462884103410, 839],
[1462885005311, 782],
[1462885906797, 571],
[1462886812223, 532],
[1462887713761, 445],
[1462888615297, 396],
[1462889516984, 401],
[1462890418717, 418],
[1462891320432, 398],
[1462892222009, 413],
[1462893123579, 426],
[1462894025332, 398],
[1462894927011, 395],
[1462895829245, 399],
[1462896730917, 393],
[1462897632371, 396],
[1462898533938, 406],
[1462899435509, 420],
[1462900337091, 423],
[1462901238669, 442],
[1462902140320, 428],
[1462903042000, 502],
[1462903943528, 812],
[1462904845644, 884],
[1462905747333, 914],
[1462906650133, 900],
[1462907552897, 630],
[1462908466374, 454],
[1462909367651, 356],
[1462910270456, 317],
[1462911173603, 313],
[1462912075207, 305],
[1462912976848, 295],
[1462913878584, 279],
[1462914780213, 302],
[1462915682344, 307],
[1462916585011, 314],
[1462917487273, 319],
[1462918388987, 344],
[1462919290684, 328],
[1462920193405, 330],
[1462921095043, 311],
[1462921996719, 326],
[1462922898447, 338],
[1462923800045, 327],
[1462924702345, 316],
[1462925604018, 310],
[1462926505633, 321],
[1462927407328, 315],
[1462928309265, 326],
[1462929210974, 345],
[1462930112636, 339],
[1462931014265, 346],
[1462931915960, 329],
[1462932817584, 329],
[1462933719176, 327],
[1462934620896, 324],
[1462935523217, 329],
[1462936424901, 341],
[1462937326588, 368],
[1462938228389, 389],
[1462939130319, 408],
[1462940032012, 444],
[1462940933740, 471],
[1462941835852, 499],
[1462942737492, 559],
[1462943639224, 588],
[1462944540933, 669],
[1462945442658, 758],
[1462946344292, 1158],
[1463071353132, 465],
[1463072255191, 486],
[1463073156752, 456],
[1463074058429, 456],
[1463074959883, 483],
[1463075861534, 562],
[1463080369566, 614],
[1463081271191, 487],
[1463082172776, 379],
[1463083074995, 339],
[1463083976563, 313],
[1463084878051, 291],
[1463085779381, 253],
[1463086681699, 252],
[1463087583380, 237],
[1463088485267, 213],
[1463089386833, 218],
[1463090288416, 254],
[1463091190075, 223],
[1463092104843, 253],
[1463093006334, 245],
[1463093907913, 263],
[1463094809450, 269],
[1463095711095, 256],
[1463096612642, 252],
[1463097514158, 267],
[1463098415758, 282],
[1463099317306, 280],
[1463100218821, 281],
[1463101120689, 290],
[1463102022305, 282],
[1463102923879, 274],
[1463103825381, 276],
[1463104727293, 278],
[1463105628885, 271],
[1463106530521, 278],
[1463107432048, 265],
[1463108333723, 256],
[1463109235483, 266],
[1463110137164, 286],
[1463111038763, 306],
[1463111941362, 317],
[1463112843351, 362],
[1463113745123, 405],
[1463114646876, 439],
[1463115549019, 501],
[1463116450648, 556],
[1463117352349, 639],
[1463118253946, 741],
[1463126396372, 3202],
[1463127297953, 3054],
[1463128199613, 3002],
[1463129101163, 2902],
[1463130003464, 2538],
[1463130905092, 2387],
[1463131806736, 2184],
[1463132708533, 1854],
[1463133609975, 1414],
[1463134511369, 1375],
[1463135412843, 1005],
[1463136314360, 835],
[1463137215975, 751],
[1463138117467, 712],
[1463139018966, 685],
[1463244189971, 425],
[1463245092343, 444],
[1463245994312, 498],
[1463246896170, 501],
[1463247797920, 533],
[1463248699672, 644],
[1463252306905, 1171],
[1463253208993, 767],
[1463254110652, 657],
[1463255012225, 571],
[1463255914253, 533],
[1463256815884, 489],
[1463257717649, 473],
[1463258619285, 457],
[1463259521224, 425],
[1463260422803, 425],
[1463261324573, 413],
[1463262226276, 382],
[1463263127842, 368],
[1463264029515, 368],
[1463264931315, 369],
[1463265832922, 349],
[1463266734918, 344],
[1463267636606, 339],
[1463268538190, 343],
[1463269439910, 352],
[1463270341704, 336],
[1463271246387, 330],
[1463272148063, 350],
[1463273049973, 364],
[1463273951926, 388],
[1463274853661, 378],
[1463275755291, 392],
[1463276657394, 390],
[1463277559477, 405],
[1463278464348, 409],
[1463279366204, 431],
[1463280267937, 452],
[1463281169778, 467],
[1463282071544, 483],
[1463282976736, 511],
[1463283878816, 529],
[1463284780487, 582],
[1463285682213, 627],
[1463286583844, 694],
[1463287485593, 729],
[1463288387749, 774],
[1463289289462, 838],
[1463290191238, 885],
[1463291092841, 1034],
[1463291994526, 1434],
[1463293798190, 1936],
[1463294699959, 1556],
[1463295601815, 1424],
[1463296503553, 1294],
[1463310963618, 125],
[1463326294380, 359],
[1463338920146, 390],
[1463339822133, 327],
[1463340723813, 327],
[1463341625404, 315],
[1463343431882, 179],
[1463344333557, 174],
[1463345235278, 176],
[1463346137454, 169],
[1463347039207, 173],
[1463347940913, 173],
[1463348842574, 194],
[1463349744282, 200],
[1463350649268, 200],
[1463351550948, 206],
[1463352452712, 209],
[1463353354988, 214],
[1463354256797, 226],
[1463355158821, 231],
[1463356060462, 229],
[1463356962521, 222],
[1463357864555, 228],
[1463358766254, 217],
[1463359668004, 221],
[1463360570055, 227],
[1463361472076, 225],
[1463362373902, 232],
[1463363276012, 222],
[1463364178151, 246],
[1463365081263, 255],
[1463365983310, 259],
[1463366884931, 274],
[1463367786593, 292],
[1463368688259, 299],
[1463369590072, 309],
[1463370491776, 334],
[1463371393438, 343],
[1463372295154, 384],
[1463373196863, 411],
[1463374098641, 449],
[1463375003041, 503],
[1463375904919, 541],
[1463376806673, 597],
[1463377708487, 700],
[1463395747286, 646],
[1463396649615, 585],
[1463405699312, 419],
[1463406601091, 422],
[1463407503380, 406],
[1463408405120, 400],
