[1462740884158, 10000],
[1462740937763, 10000],
[1462741039571, 10000],
[1462741853953, 10000],
[1462742305609, 10000],
[1462742315104, 10000],
[1462742621655, 10000],
[1462742950263, 10000],
[1462743323287, 10000],
[1462743332226, 10000],
[1462743606599, 10000],
[1462743622750, 10000],
[1462744949471, 10000],
[1462745195084, 10000],
[1462745261412, 10000],
[1462746163037, 10000],
[1462747064675, 10000],
[1462747969371, 10000],
[1462748871026, 10000],
[1462749772755, 10000],
[1462750674415, 10000],
[1462751576105, 10000],
[1462752477812, 10000],
[1462753380146, 10000],
[1462754281801, 10000],
[1462755183925, 10000],
[1462756085683, 10000],
[1462756987895, 10000],
[1462757889486, 10000],
[1462758791146, 10000],
[1462759692808, 10000],
[1462760594488, 10000],
[1462761496183, 10000],
[1462762397943, 10000],
[1462763299785, 10000],
[1462764202517, 10000],
[1462765104160, 10000],
[1462766005827, 10000],
[1462766907461, 10000],
[1462767809200, 10000],
[1462768710824, 10000],
[1462769612557, 10000],
[1462770514516, 10000],
[1462771416973, 10000],
[1462772318888, 10000],
[1462773220565, 10000],
[1462774122164, 10000],
[1462775041069, 10000],
[1462775942630, 10000],
[1462776865136, 10000],
[1462777766542, 10000],
[1462778668231, 10000],
[1462779569997, 10000],
[1462780471745, 10000],
[1462781404733, 10000],
[1462782306051, 10000],
[1462783207848, 10000],
[1462784109540, 10000],
[1462785011334, 10000],
[1462785913636, 10000],
[1462786815424, 10000],
[1462787717008, 10000],
[1462788618789, 10000],
[1462789520636, 10000],
[1462790422326, 10000],
[1462791323949, 10000],
[1462792225675, 10000],
[1462793127298, 10000],
[1462808274861, 10000],
[1462809177063, 10000],
[1462810078608, 10000],
[1462810980159, 10000],
[1462811881857, 10000],
[1462812783565, 10000],
[1462813685179, 10000],
[1462814586685, 10000],
[1462815488292, 10000],
[1462816418497, 10000],
[1462818221339, 10000],
[1462819122887, 10000],
[1462821827304, 10000],
[1462822728879, 10000],
[1462823630944, 10000],
[1462824532471, 10000],
[1462825434008, 10000],
[1462826335425, 10000],
[1462827237000, 10000],
[1462828138568, 10000],
[1462829040141, 10000],
[1462829941691, 10000],
[1462830843552, 10000],
[1462831745119, 10000],
[1462832646728, 10000],
[1462833548414, 10000],
[1462834449919, 10000],
[1462835351434, 10000],
[1462836252954, 10000],
[1462837154589, 10000],
[1462838056648, 10000],
[1462838958160, 10000],
[1462839859871, 10000],
[1462840761440, 10000],
[1462841663241, 10000],
[1462842564754, 10000],
[1462843466323, 10000],
[1462844367867, 10000],
[1462845269479, 10000],
[1462846171389, 10000],
[1462847072957, 10000],
[1462847983600, 10000],
[1462848888161, 10000],
[1462849789703, 10000],
[1462850691233, 10000],
[1462851592779, 10000],
[1462852494844, 10000],
[1462853396483, 10000],
[1462854298118, 10000],
[1462855199586, 10000],
[1462856101256, 10000],
[1462857002980, 10000],
[1462857904588, 10000],
[1462858806209, 10000],
[1462859707813, 10000],
[1462860609502, 10000],
[1462861511072, 10000],
[1462862426119, 10000],
[1462863354727, 10000],
[1462864256139, 10000],
[1462865157702, 10000],
[1462866059585, 10000],
[1462866961598, 10000],
[1462867863282, 10000],
[1462868765374, 10000],
[1462869666975, 10000],
[1462870568622, 10000],
[1462871470235, 10000],
[1462872377709, 10000],
[1462873279624, 10000],
[1462874181625, 10000],
[1462875083155, 10000],
[1462875984732, 10000],
[1462876886376, 10000],
[1462877788054, 10000],
[1462878689682, 10000],
[1462879591311, 10000],
[1462880492863, 10000],
[1462881395649, 10000],
[1462883198902, 10000],
[1462884103410, 10000],
[1462885005311, 10000],
[1462885906797, 10000],
[1462886812223, 10000],
[1462887713761, 10000],
[1462888615297, 10000],
[1462889516984, 10000],
[1462890418717, 10000],
[1462891320432, 10000],
[1462892222009, 10000],
[1462893123579, 10000],
[1462894025332, 10000],
[1462894927011, 10000],
[1462895829245, 10000],
[1462896730917, 10000],
[1462897632371, 10000],
[1462898533938, 10000],
[1462899435509, 10000],
[1462900337091, 10000],
[1462901238669, 10000],
[1462902140320, 10000],
[1462903042000, 10000],
[1462905747333, 10000],
[1462906650133, 10000],
[1462907552897, 10000],
[1462908466374, 10000],
[1462909367651, 10000],
[1462910270456, 10000],
[1462911173603, 10000],
[1462912075207, 10000],
[1462912976848, 10000],
[1462913878584, 10000],
[1462914780213, 10000],
[1462915682344, 10000],
[1462916585011, 10000],
[1462917487273, 10000],
[1462918388987, 10000],
[1462919290684, 10000],
[1462920193405, 10000],
[1462921095043, 10000],
[1462921996719, 10000],
[1462922898447, 10000],
[1462923800045, 10000],
[1462924702345, 10000],
[1462925604018, 10000],
[1462926505633, 10000],
[1462927407328, 10000],
[1462928309265, 10000],
[1462929210974, 10000],
[1462930112636, 10000],
[1462931014265, 10000],
[1462931915960, 10000],
[1462932817584, 10000],
[1462933719176, 10000],
[1462934620896, 10000],
[1462935523217, 10000],
[1462936424901, 10000],
[1462937326588, 10000],
[1462938228389, 10000],
[1462939130319, 10000],
[1462940032012, 10000],
[1462940933740, 10000],
[1462941835852, 10000],
[1462942737492, 10000],
[1462943639224, 10000],
[1462944540933, 10000],
[1462945442658, 10000],
[1462946344292, 10000],
[1462947246006, 10000],
[1462948147826, 10000],
[1462949049504, 10000],
[1462949951326, 10000],
[1462950853049, 10000],
[1462951754721, 10000],
[1463071353132, 10000],
[1463072255191, 10000],
[1463073156752, 10000],
[1463074058429, 10000],
[1463074959883, 10000],
[1463075861534, 10000],
[1463078566259, 10000],
[1463079467981, 10000],
[1463080369566, 10000],
[1463081271191, 10000],
[1463082172776, 10000],
[1463083074995, 10000],
[1463083976563, 10000],
[1463084878051, 10000],
[1463086681699, 10000],
[1463087583380, 10000],
[1463088485267, 10000],
[1463089386833, 10000],
[1463090288416, 10000],
[1463091190075, 10000],
[1463092104843, 10000],
[1463093006334, 10000],
[1463093907913, 10000],
[1463094809450, 10000],
[1463095711095, 10000],
[1463096612642, 10000],
[1463097514158, 10000],
[1463098415758, 10000],
[1463099317306, 10000],
[1463100218821, 10000],
[1463101120689, 10000],
[1463102022305, 10000],
[1463102923879, 10000],
[1463103825381, 10000],
[1463104727293, 10000],
[1463105628885, 10000],
[1463106530521, 10000],
[1463107432048, 10000],
[1463108333723, 10000],
[1463109235483, 10000],
[1463110137164, 10000],
[1463111038763, 10000],
[1463111941362, 10000],
[1463112843351, 10000],
[1463113745123, 10000],
[1463114646876, 10000],
[1463115549019, 10000],
[1463116450648, 10000],
[1463117352349, 10000],
[1463118253946, 10000],
[1463119156578, 10000],
[1463120058203, 10000],
[1463120959760, 10000],
[1463121888181, 10000],
[1463122789637, 10000],
[1463123691220, 10000],
[1463124592800, 10000],
[1463125494303, 10000],
[1463126396372, 10000],
[1463127297953, 10000],
[1463128199613, 10000],
[1463129101163, 10000],
[1463130003464, 10000],
[1463130905092, 10000],
[1463131806736, 10000],
[1463132708533, 10000],
[1463133609975, 10000],
[1463134511369, 10000],
[1463135412843, 10000],
[1463136314360, 10000],
[1463137215975, 10000],
[1463138117467, 10000],
[1463139018966, 10000],
[1463244189971, 10000],
[1463245092343, 10000],
[1463245994312, 10000],
[1463246896170, 10000],
[1463247797920, 10000],
[1463248699672, 10000],
[1463249601469, 10000],
[1463250503031, 10000],
[1463251404841, 10000],
[1463252306905, 10000],
[1463253208993, 10000],
[1463254110652, 10000],
[1463255012225, 10000],
[1463255914253, 10000],
[1463256815884, 10000],
[1463257717649, 10000],
[1463258619285, 10000],
[1463259521224, 10000],
[1463260422803, 10000],
[1463261324573, 10000],
[1463262226276, 10000],
[1463263127842, 10000],
[1463264029515, 10000],
[1463264931315, 10000],
[1463265832922, 10000],
[1463266734918, 10000],
[1463267636606, 10000],
[1463268538190, 10000],
[1463269439910, 10000],
[1463270341704, 10000],
[1463271246387, 10000],
[1463272148063, 10000],
[1463273049973, 10000],
[1463273951926, 10000],
[1463274853661, 10000],
[1463275755291, 10000],
[1463276657394, 10000],
[1463277559477, 10000],
[1463278464348, 10000],
[1463279366204, 10000],
[1463280267937, 10000],
[1463281169778, 10000],
[1463282071544, 10000],
[1463282976736, 10000],
[1463283878816, 10000],
[1463284780487, 10000],
[1463285682213, 10000],
[1463286583844, 10000],
[1463287485593, 10000],
[1463288387749, 10000],
[1463289289462, 10000],
[1463290191238, 10000],
[1463291092841, 10000],
[1463291994526, 10000],
[1463292896446, 10000],
[1463293798190, 10000],
[1463294699959, 10000],
[1463295601815, 10000],
[1463296503553, 10000],
[1463297405344, 10000],
[1463298307068, 10000],
[1463299209155, 10000],
[1463300110808, 10000],
[1463301012626, 10000],
[1463301914454, 10000],
[1463302816519, 10000],
[1463303718167, 10000],
[1463304619840, 10000],
[1463305521599, 10000],
[1463306423491, 10000],
[1463307325087, 10000],
[1463308226793, 10000],
[1463309128554, 10000],
[1463310030726, 10000],
[1463310963618, 10000],
[1463311865368, 10000],
[1463312767017, 10000],
[1463313668944, 10000],
[1463314570717, 10000],
[1463315472401, 10000],
[1463316374015, 10000],
[1463317276158, 10000],
[1463318177801, 10000],
[1463319080589, 10000],
[1463319982293, 10000],
[1463320884327, 10000],
[1463321786003, 10000],
[1463322687740, 10000],
[1463323589369, 10000],
[1463324491044, 10000],
[1463325392703, 10000],
[1463326294380, 10000],
[1463327196117, 10000],
[1463328098196, 10000],
[1463328999846, 10000],
[1463329901487, 10000],
[1463330803255, 10000],
[1463331705291, 10000],
[1463332607046, 10000],
[1463333508825, 10000],
[1463334410548, 10000],
[1463335312455, 10000],
[1463337116762, 10000],
[1463338018426, 10000],
[1463338920146, 10000],
[1463339822133, 10000],
[1463340723813, 10000],
[1463341625404, 10000],
[1463342530054, 10000],
[1463343431882, 10000],
[1463344333557, 10000],
[1463345235278, 10000],
[1463346137454, 10000],
[1463347039207, 10000],
[1463347940913, 10000],
[1463348842574, 10000],
[1463349744282, 10000],
[1463350649268, 10000],
[1463351550948, 10000],
[1463352452712, 10000],
[1463353354988, 10000],
[1463354256797, 10000],
[1463355158821, 10000],
[1463356060462, 10000],
[1463356962521, 10000],
[1463357864555, 10000],
[1463358766254, 10000],
[1463359668004, 10000],
[1463360570055, 10000],
[1463361472076, 10000],
[1463362373902, 10000],
[1463363276012, 10000],
[1463364178151, 10000],
[1463365081263, 10000],
[1463365983310, 10000],
[1463366884931, 10000],
[1463367786593, 10000],
[1463368688259, 10000],
[1463369590072, 10000],
[1463370491776, 10000],
[1463371393438, 10000],
[1463372295154, 10000],
[1463373196863, 10000],
[1463374098641, 10000],
[1463375003041, 10000],
[1463375904919, 10000],
[1463376806673, 10000],
[1463377708487, 10000],
[1463378610376, 10000],
[1463379512463, 10000],
[1463380414186, 10000],
[1463381315946, 10000],
[1463382217705, 10000],
[1463383119615, 10000],
[1463384021334, 10000],
[1463384923122, 10000],
[1463385825354, 10000],
[1463386727056, 10000],
[1463387629909, 10000],
[1463388531703, 10000],
[1463389434278, 10000],
[1463390336186, 10000],
[1463391238112, 10000],
[1463392139850, 10000],
[1463393041624, 10000],
[1463393943443, 10000],
[1463394845281, 10000],
[1463395747286, 10000],
[1463396649615, 10000],
[1463397551543, 10000],
[1463398453447, 10000],
[1463399355062, 10000],
[1463400272236, 10000],
[1463401189950, 10000],
[1463402091325, 10000],
[1463402993014, 10000],
[1463403895439, 10000],
[1463404797602, 10000],
[1463405699312, 10000],
[1463406601091, 10000],
[1463407503380, 10000],
[1463408405120, 10000],
