[1462740884158, 238],
[1462740937763, 238],
[1462741039571, 238],
[1462741853953, 238],
[1462742305609, 238],
[1462742315104, 238],
[1462742621655, 238],
[1462742950263, 238],
[1462743323287, 238],
[1462743332226, 238],
[1462743606599, 238],
[1462743622750, 238],
[1462744949471, 238],
[1462745195084, 238],
[1462745261412, 238],
[1462746163037, 238],
[1462747064675, 238],
[1462747969371, 238],
[1462748871026, 238],
[1462749772755, 238],
[1462750674415, 238],
[1462751576105, 238],
[1462752477812, 238],
[1462753380146, 238],
[1462754281801, 238],
[1462761496183, 238],
[1462817319848, 245],
[1462818221339, 245],
[1462819122887, 245],
[1462820024484, 245],
[1462820925849, 245],
[1462821827304, 245],
[1462822728879, 245],
[1462823630944, 245],
[1462824532471, 245],
[1462825434008, 245],
[1462826335425, 245],
[1462827237000, 245],
[1462828138568, 245],
[1462829040141, 245],
[1462829941691, 245],
[1462830843552, 245],
[1462831745119, 245],
[1462834449919, 245],
[1462835351434, 245],
[1462836252954, 245],
[1462837154589, 245],
[1462838056648, 245],
[1462838958160, 245],
[1462839859871, 245],
[1462840761440, 245],
[1462841663241, 245],
[1462842564754, 245],
[1462843466323, 245],
[1462844367867, 245],
[1462845269479, 245],
[1462846171389, 245],
[1462847082471, 245],
[1462847983600, 245],
[1462848888161, 245],
[1462849789703, 245],
[1462850691233, 245],
[1462851592779, 245],
[1462852494844, 245],
[1462854298118, 245],
[1462855199586, 245],
[1462856101256, 245],
[1462857002980, 245],
[1462857904588, 245],
[1462858806209, 245],
[1462859707813, 245],
[1462860609502, 245],
[1462861511072, 245],
[1462880492863, 245],
[1462881395649, 245],
[1462882297251, 245],
[1462883198902, 245],
[1462884103410, 245],
[1462885005311, 245],
[1462885911945, 245],
[1462886812223, 245],
[1462887713761, 245],
[1462903943528, 245],
[1462904845644, 245],
[1462905747333, 245],
[1462906650133, 245],
[1462907552897, 245],
[1462908466374, 245],
[1462918388987, 245],
[1462919290684, 245],
[1462920193405, 245],
[1462921095043, 245],
[1462921996719, 245],
[1462922898447, 245],
[1462923800045, 245],
[1462924702345, 245],
[1462925604018, 245],
[1462926505633, 245],
[1462927407328, 245],
[1462928309265, 245],
[1462929210974, 245],
[1462930112636, 245],
[1462931014265, 245],
[1462931915960, 245],
[1462932817584, 245],
[1462933719176, 245],
[1462934620896, 245],
[1462935523217, 245],
[1462936424901, 245],
[1462937326588, 245],
[1462938228389, 245],
[1462939130319, 245],
[1462940032012, 245],
[1462940933740, 245],
[1462941835852, 245],
[1462942737492, 245],
[1462943639224, 245],
[1462944540933, 245],
[1462945442658, 245],
[1462946344292, 245],
[1462947246006, 245],
[1462948147826, 245],
[1463076763095, 323],
[1463077664725, 323],
[1463081271191, 323],
[1463082172776, 323],
[1463090288416, 323],
[1463091204025, 323],
[1463092104843, 323],
[1463093006334, 323],
[1463093907913, 323],
[1463094809450, 323],
[1463095711095, 323],
[1463096612642, 323],
[1463097514158, 323],
[1463098415758, 323],
[1463099317306, 323],
[1463100218821, 323],
[1463101120689, 323],
[1463102022305, 323],
[1463102923879, 323],
[1463103825381, 323],
[1463104727293, 323],
[1463105628885, 323],
[1463106530521, 323],
[1463107432048, 323],
[1463108333723, 323],
[1463109235483, 323],
[1463110137164, 323],
[1463111038763, 323],
[1463111941362, 323],
[1463112843351, 323],
[1463113745123, 323],
[1463114646876, 323],
[1463115549019, 323],
[1463116450648, 323],
[1463117352349, 323],
[1463118253946, 323],
[1463119156578, 323],
[1463120058203, 323],
[1463120959760, 323],
[1463127297953, 323],
[1463128199613, 323],
[1463130003464, 323],
[1463130905092, 323],
[1463131806736, 323],
[1463132708533, 323],
[1463133609975, 323],
[1463134511369, 323],
[1463135412843, 323],
[1463136314360, 323],
[1463137215975, 323],
[1463138117467, 323],
[1463139018966, 323],
[1463262226276, 323],
[1463263127842, 323],
[1463264029515, 323],
[1463264931315, 323],
[1463265832922, 323],
[1463266734918, 323],
[1463268538190, 323],
[1463269439910, 323],
[1463270341704, 323],
[1463274853661, 323],
[1463275755291, 323],
[1463276657394, 323],
[1463277559477, 323],
[1463278464348, 323],
[1463279366204, 323],
[1463280267937, 323],
[1463281169778, 323],
[1463282071544, 323],
[1463282976736, 323],
[1463283878816, 323],
[1463284780487, 323],
[1463285682213, 323],
[1463286583844, 323],
[1463287485593, 323],
[1463288387749, 323],
[1463289289462, 323],
[1463290191238, 323],
[1463291092841, 323],
[1463291994526, 323],
[1463292896446, 323],
[1463293798190, 323],
[1463294699959, 323],
[1463295601815, 323],
[1463296503553, 323],
[1463297405344, 323],
[1463298307068, 323],
[1463299209155, 323],
[1463300110808, 323],
[1463301012626, 323],
[1463301914454, 323],
[1463302816519, 323],
[1463303718167, 323],
[1463304619840, 323],
[1463306423491, 323],
[1463307325087, 323],
[1463308226793, 323],
[1463310963618, 323],
[1463311865368, 323],
[1463312767017, 323],
[1463313668944, 323],
[1463314570717, 323],
[1463315472401, 323],
[1463316374015, 323],
[1463317276158, 323],
[1463318177801, 323],
[1463319080589, 323],
[1463319982293, 323],
[1463320884327, 323],
[1463321786003, 323],
[1463322687740, 323],
[1463323589369, 323],
[1463329901487, 323],
[1463331705291, 323],
[1463333508825, 323],
[1463335312455, 323],
[1463337116762, 323],
[1463338018426, 323],
[1463338920146, 323],
[1463339822133, 323],
[1463340723813, 323],
[1463341625404, 323],
[1463342530054, 323],
[1463343431882, 323],
[1463344333557, 323],
[1463351550948, 323],
[1463352452712, 323],
[1463353354988, 323],
[1463354256797, 323],
[1463355158821, 323],
[1463356060462, 323],
[1463356962521, 323],
[1463357864555, 323],
[1463358766254, 323],
[1463359668004, 323],
[1463360570055, 323],
[1463361472076, 323],
[1463362373902, 323],
[1463363276012, 323],
[1463364178151, 323],
[1463365081263, 323],
[1463365983310, 323],
[1463366884931, 323],
[1463367786593, 323],
[1463368688259, 323],
[1463369590072, 323],
[1463370491776, 323],
[1463371393438, 323],
[1463372295154, 323],
[1463373196863, 323],
[1463374098641, 323],
[1463375003041, 323],
[1463393041624, 323],
[1463393943443, 323],
[1463394845281, 323],
[1463395747286, 323],
[1463396649615, 323],
[1463397551543, 323],
[1463402091325, 323],
