[1462740884158, 4088],
[1462740937763, 4088],
[1462741039571, 4088],
[1462741853953, 4088],
[1462742305609, 4088],
[1462742315104, 4088],
[1462742621655, 4088],
[1462742950263, 4088],
[1462743323287, 4088],
[1462743332226, 4088],
[1462743606599, 4088],
[1462743622750, 4088],
[1462744949471, 4088],
[1462745195084, 4088],
[1462745261412, 4088],
[1462746163037, 4088],
[1462747064675, 4088],
[1462747969371, 4088],
[1462748871026, 4088],
[1462749772755, 4088],
[1462750674415, 4088],
[1462751576105, 4088],
[1462752477812, 4088],
[1462753380146, 4088],
[1462754281801, 4088],
[1462755183925, 4088],
[1462756085683, 4088],
[1462756987895, 4088],
[1462757889486, 4088],
[1462758791146, 4088],
[1462759692808, 4088],
[1462760594488, 4088],
[1462808274861, 4207],
[1462809177063, 4207],
[1462810078608, 4207],
[1462810980159, 4207],
[1462811881857, 4207],
[1462812783565, 4207],
[1462813685179, 4207],
[1462814586685, 4207],
[1462815488292, 4207],
[1462816418497, 4207],
[1462820925849, 4207],
[1462821827304, 4207],
[1462822728879, 4207],
[1462823630944, 4207],
[1462824532471, 4207],
[1462825434008, 4207],
[1462826335425, 4207],
[1462827237000, 4207],
[1462828138568, 4207],
[1462829040141, 4207],
[1462829941691, 4207],
[1462830843552, 4207],
[1462831745119, 4207],
[1462832646728, 4207],
[1462833548414, 4207],
[1462834449919, 4207],
[1462835351434, 4207],
[1462836252954, 4207],
[1462837154589, 4207],
[1462838056648, 4207],
[1462838958160, 4207],
[1462839859871, 4207],
[1462840761440, 4207],
[1462841663241, 4207],
[1462842564754, 4207],
[1462843466323, 4207],
[1462844367867, 4207],
[1462845269479, 4207],
[1462846171389, 4207],
[1462847082471, 4207],
[1462847983600, 4207],
[1462848888161, 4207],
[1462849789703, 4207],
[1462850691233, 4207],
[1462851592779, 4207],
[1462852494844, 4207],
[1462853396483, 4207],
[1462854298118, 4207],
[1462855199586, 4207],
[1462856101256, 4207],
[1462857002980, 4207],
[1462857904588, 4207],
[1462858806209, 4207],
[1462859707813, 4207],
[1462866961598, 4207],
[1462867863282, 4207],
[1462873279624, 4207],
[1462874181625, 4207],
[1462875083155, 4207],
[1462875984732, 4207],
[1462876886376, 4207],
[1462877788054, 4207],
[1462878689682, 4207],
[1462879591311, 4207],
[1462880492863, 4207],
[1462881395649, 4207],
[1462882297251, 4207],
[1462883198902, 4207],
[1462884103410, 4207],
[1462885005311, 4207],
[1462885906797, 4207],
[1462886812223, 4207],
[1462887713761, 4207],
[1462888615297, 4207],
[1462889516984, 4207],
[1462890418717, 4207],
[1462891320432, 4207],
[1462892222009, 4207],
[1462893123579, 4207],
[1462894025332, 4207],
[1462894927011, 4207],
[1462895829245, 4207],
[1462896730917, 4207],
[1462897632371, 4207],
[1462898533938, 4207],
[1462899435509, 4207],
[1462900337091, 4207],
[1462901238669, 4207],
[1462902140320, 4207],
[1462903042000, 4207],
[1462903943528, 4207],
[1462904845644, 4207],
[1462905747333, 4207],
[1462906650133, 4207],
[1462907552897, 4207],
[1462908466374, 4207],
[1462909367651, 4207],
[1462910270456, 4207],
[1462911173603, 4207],
[1462912075207, 4207],
[1462912976848, 4207],
[1462913878584, 4207],
[1462914780213, 4207],
[1462915682344, 4207],
[1462916585011, 4207],
[1462917487273, 4207],
[1462918388987, 4207],
[1462919290684, 4207],
[1462920193405, 4207],
[1462921095043, 4207],
[1462921996719, 4207],
[1462922898447, 4207],
[1462923800045, 4207],
[1462924702345, 4207],
[1462925604018, 4207],
[1462926505633, 4207],
[1462927407328, 4207],
[1462928309265, 4207],
[1462929210974, 4207],
[1462930112636, 4207],
[1462931014265, 4207],
[1462931915960, 4207],
[1462932817584, 4207],
[1462933719176, 4207],
[1462934620896, 4207],
[1462935523217, 4207],
[1462936424901, 4207],
[1462937326588, 4207],
[1462938228389, 4207],
[1462939130319, 4207],
[1462940032012, 4207],
[1462940933740, 4207],
[1462941835852, 4207],
[1462942737492, 4207],
[1462943639224, 4207],
[1462944540933, 4207],
[1462945442658, 4207],
[1462946344292, 4207],
[1463071353132, 4207],
[1463072255191, 4207],
[1463073156752, 4207],
[1463074058429, 4207],
[1463074959883, 4207],
[1463075861534, 4207],
[1463080369566, 4207],
[1463081271191, 4207],
[1463082172776, 4207],
[1463083074995, 4207],
[1463083976563, 4207],
[1463084878051, 4207],
[1463085779381, 4207],
[1463086681699, 4207],
[1463087583380, 4207],
[1463088485267, 4207],
[1463089386833, 4207],
[1463090288416, 4207],
[1463091190075, 4207],
[1463092104843, 4207],
[1463093006334, 4207],
[1463093907913, 4207],
[1463094809450, 4207],
[1463095711095, 4207],
[1463096612642, 4207],
[1463097514158, 4207],
[1463098415758, 4207],
[1463099317306, 4207],
[1463100218821, 4207],
[1463101120689, 4207],
[1463102022305, 4207],
[1463102923879, 4207],
[1463103825381, 4207],
[1463104727293, 4207],
[1463105628885, 4207],
[1463106530521, 4207],
[1463107432048, 4207],
[1463108333723, 4207],
[1463109235483, 4207],
[1463110137164, 4207],
[1463111038763, 4207],
[1463111941362, 4207],
[1463112843351, 4207],
[1463113745123, 4207],
[1463114646876, 4207],
[1463115549019, 4207],
[1463116450648, 4207],
[1463117352349, 4207],
[1463118253946, 4207],
[1463126396372, 4207],
[1463127297953, 4207],
[1463128199613, 4207],
[1463129101163, 4207],
[1463130003464, 4207],
[1463130905092, 4207],
[1463131806736, 4207],
[1463132708533, 4207],
[1463133609975, 4207],
[1463134511369, 4207],
[1463135412843, 4207],
[1463136314360, 4207],
[1463137215975, 4207],
[1463138117467, 4207],
[1463139018966, 4207],
[1463244189971, 4207],
[1463245092343, 4207],
[1463245994312, 4207],
[1463246896170, 4207],
[1463247797920, 4207],
[1463248699672, 4207],
[1463252306905, 4207],
[1463253208993, 4207],
[1463254110652, 4207],
[1463255012225, 4207],
[1463255914253, 4207],
[1463256815884, 4207],
[1463257717649, 4207],
[1463258619285, 4207],
[1463259521224, 4207],
[1463260422803, 4207],
[1463261324573, 4207],
[1463262226276, 4207],
[1463263127842, 4207],
[1463264029515, 4207],
[1463264931315, 4207],
[1463265832922, 4207],
[1463266734918, 4207],
[1463267636606, 4207],
[1463268538190, 4207],
[1463269439910, 4207],
[1463270341704, 4207],
[1463271246387, 4207],
[1463272148063, 4207],
[1463273049973, 4207],
[1463273951926, 4207],
[1463274853661, 4207],
[1463275755291, 4207],
[1463276657394, 4207],
[1463277559477, 4207],
[1463278464348, 4207],
[1463279366204, 4207],
[1463280267937, 4207],
[1463281169778, 4207],
[1463282071544, 4207],
[1463282976736, 4207],
[1463283878816, 4207],
[1463284780487, 4207],
[1463285682213, 4207],
[1463286583844, 4207],
[1463287485593, 4207],
[1463288387749, 4207],
[1463289289462, 4207],
[1463290191238, 4207],
[1463291092841, 4207],
[1463291994526, 4207],
[1463293798190, 4207],
[1463294699959, 4207],
[1463295601815, 4207],
[1463296503553, 4207],
[1463310963618, 4207],
[1463326294380, 4207],
[1463338920146, 4207],
[1463339822133, 4207],
[1463340723813, 4207],
[1463341625404, 4207],
[1463343431882, 4207],
[1463344333557, 4207],
[1463345235278, 4207],
[1463346137454, 4207],
[1463347039207, 4207],
[1463347940913, 4207],
[1463348842574, 4207],
[1463349744282, 4207],
[1463350649268, 4207],
[1463351550948, 4207],
[1463352452712, 4207],
[1463353354988, 4207],
[1463354256797, 4207],
[1463355158821, 4207],
[1463356060462, 4207],
[1463356962521, 4207],
[1463357864555, 4207],
[1463358766254, 4207],
[1463359668004, 4207],
[1463360570055, 4207],
[1463361472076, 4207],
[1463362373902, 4207],
[1463363276012, 4207],
[1463364178151, 4207],
[1463365081263, 4207],
[1463365983310, 4207],
[1463366884931, 4207],
[1463367786593, 4207],
[1463368688259, 4207],
[1463369590072, 4207],
[1463370491776, 4207],
[1463371393438, 4207],
[1463372295154, 4207],
[1463373196863, 4207],
[1463374098641, 4207],
[1463375003041, 4207],
[1463375904919, 4207],
[1463376806673, 4207],
[1463377708487, 4207],
[1463395747286, 4207],
[1463396649615, 4207],
[1463405699312, 4207],
[1463406601091, 4207],
[1463407503380, 4207],
[1463408405120, 4207],
