[1462758791146, 30],
[1462759692808, 30],
[1462760594488, 30],
[1462761496183, 30],
[1462771416973, 30],
[1462772318888, 30],
[1462773220565, 30],
[1462792225675, 30],
[1462793127298, 30],
[1462808274861, 30],
[1462809177063, 30],
[1462810078608, 30],
[1462810980159, 30],
[1462812783565, 30],
[1462813685179, 30],
[1462814586685, 30],
[1462815488292, 30],
[1462816418497, 30],
[1462817319848, 30],
[1462818221339, 30],
[1462819122887, 30],
[1462820024484, 30],
[1462820925849, 30],
[1462821827304, 30],
[1462822728879, 30],
[1462823630944, 30],
[1462836252954, 30],
[1462837154589, 30],
[1462838056648, 30],
[1462838958160, 30],
[1462839859871, 30],
[1462840761440, 30],
[1462841663241, 30],
[1462842564754, 30],
[1462843466323, 30],
[1462844367867, 30],
[1462845269479, 30],
[1462846171389, 30],
[1462847072957, 30],
[1462847983600, 30],
[1462848888161, 30],
[1462849789703, 30],
[1462850691233, 30],
[1462851592779, 30],
[1462852494844, 30],
[1462853396483, 30],
[1462854298118, 30],
[1462855199586, 30],
[1462856101256, 30],
[1462857002980, 30],
[1462857904588, 30],
[1462858806209, 30],
[1462859707813, 30],
[1462860609502, 30],
[1462861511072, 30],
[1462862426119, 30],
[1462863354727, 30],
[1462864256139, 30],
[1462865157702, 30],
[1462881395649, 30],
[1462896730917, 30],
[1462897632371, 30],
[1462898533938, 30],
[1462899435509, 30],
[1462900337091, 30],
[1462901238669, 30],
[1462902140320, 30],
[1462903042000, 30],
[1462903943528, 30],
[1462904845644, 30],
[1462905747333, 30],
[1462906650133, 30],
[1462907552897, 30],
[1462908460111, 30],
[1462909367651, 30],
[1462910270456, 30],
[1462911173603, 30],
[1462912075207, 30],
[1462912976848, 30],
[1462913878584, 30],
[1462915682344, 30],
[1462931014265, 30],
[1462934620896, 30],
[1462935523217, 30],
[1462936424901, 30],
[1462937326588, 30],
[1462938228389, 30],
[1462939130319, 30],
[1462940032012, 30],
[1462940933740, 30],
[1462941835852, 30],
[1462949049504, 30],
[1462949951326, 30],
[1462951754721, 30],
[1463071353132, 30],
[1463072255191, 30],
[1463073156752, 30],
[1463074058429, 30],
[1463074959883, 30],
[1463075861534, 30],
[1463076763095, 30],
[1463077664725, 30],
[1463078566259, 30],
[1463079467981, 30],
[1463080369566, 30],
[1463083976563, 30],
[1463084878051, 30],
[1463085779381, 30],
[1463086681699, 30],
[1463087583380, 30],
[1463088485267, 30],
[1463089386833, 30],
[1463090288416, 30],
[1463091190075, 30],
[1463092104843, 30],
[1463093006334, 30],
[1463094809450, 30],
[1463095711095, 30],
[1463096612642, 30],
[1463097514158, 30],
[1463098415758, 30],
[1463099317306, 30],
[1463103825381, 30],
[1463104727293, 30],
[1463105628885, 30],
[1463107432048, 30],
[1463108333723, 30],
[1463109235483, 30],
[1463110137164, 30],
[1463111038763, 30],
[1463111941362, 30],
[1463112843351, 30],
[1463113745123, 30],
[1463114646876, 30],
[1463118253946, 30],
[1463119156578, 30],
[1463120058203, 30],
[1463120959760, 30],
[1463121888181, 30],
[1463122789637, 30],
[1463123691220, 30],
[1463124592800, 30],
[1463125494303, 30],
[1463126396372, 30],
[1463127297953, 30],
[1463128199613, 30],
[1463129101163, 30],
[1463130003464, 30],
[1463131806736, 30],
[1463132708533, 30],
[1463133609975, 30],
[1463134511369, 30],
[1463246896170, 30],
[1463247797920, 30],
[1463248699672, 30],
[1463249601469, 30],
[1463250503031, 30],
[1463251404841, 30],
[1463252306905, 30],
[1463253208993, 30],
[1463254110652, 30],
[1463255012225, 30],
[1463255914253, 30],
[1463256815884, 30],
[1463257717649, 30],
[1463258619285, 30],
[1463259521224, 30],
[1463260422803, 30],
[1463261324573, 30],
[1463272148063, 30],
[1463284780487, 30],
[1463289289462, 30],
[1463290191238, 30],
[1463291092841, 30],
[1463291994526, 30],
[1463292896446, 30],
[1463300110808, 30],
[1463301012626, 30],
[1463301914454, 30],
[1463302816519, 30],
[1463303718167, 30],
[1463304619840, 30],
[1463305521599, 30],
[1463306423491, 30],
[1463307325087, 30],
[1463308226793, 30],
[1463309128554, 30],
[1463310030726, 30],
[1463310963618, 30],
[1463311865368, 30],
[1463312767017, 30],
[1463313668944, 30],
[1463318177801, 30],
[1463375003041, 30],
[1463375904919, 30],
[1463376806673, 30],
[1463379512463, 30],
[1463381315946, 30],
[1463383119615, 30],
[1463384021334, 30],
[1463384923122, 30],
[1463385825354, 30],
[1463386727056, 30],
[1463387629909, 30],
[1463388531703, 30],
[1463389434278, 30],
[1463390336186, 30],
[1463391238112, 30],
[1463392139850, 30],
[1463393041624, 30],
[1463393943443, 30],
[1463394845281, 30],
[1463395747286, 30],
[1463396649615, 30],
[1463397551543, 30],
[1463398453447, 30],
[1463399355062, 30],
[1463400256754, 30],
[1463401174325, 30],
[1463402091325, 30],
[1463402993014, 30],
[1463403895439, 30],
[1463404797602, 30],
[1463405699312, 30],
[1463406601091, 30],
[1463407503380, 30],
[1463408405120, 30],
