[1462740884158, 13024],
[1462740937763, 12950],
[1462741039571, 13120],
[1462741853953, 13564],
[1462742305609, 13819],
[1462742315104, 13866],
[1462742621655, 13807],
[1462742950263, 13562],
[1462743323287, 13514],
[1462743332226, 13513],
[1462743606599, 13784],
[1462743622750, 13848],
[1462744949471, 13322],
[1462745195084, 13272],
[1462745261412, 13015],
[1462746163037, 12871],
[1462747064675, 12907],
[1462747969371, 13275],
[1462748871026, 14235],
[1462749772755, 14520],
[1462750674415, 14907],
[1462751576105, 15234],
[1462752477812, 15696],
[1462753380146, 16177],
[1462754281801, 16404],
[1462755183925, 16997],
[1462756085683, 17301],
[1462756987895, 17725],
[1462757889486, 17705],
[1462758791146, 17458],
[1462759692808, 17188],
[1462760594488, 16987],
[1462761496183, 16993],
[1462762397943, 16600],
[1462763299785, 15796],
[1462764202517, 15347],
[1462765104160, 15115],
[1462766005827, 14424],
[1462766907461, 13435],
[1462767809200, 12042],
[1462768710824, 10771],
[1462769612557, 9945],
[1462770514516, 9125],
[1462771416973, 8231],
[1462772318888, 7232],
[1462773220565, 6132],
[1462774122164, 4165],
[1462775041069, 4731],
[1462775942630, 5567],
[1462776865136, 6152],
[1462777766542, 6189],
[1462778668231, 5915],
[1462779569997, 5890],
[1462780471745, 6111],
[1462781404733, 6528],
[1462782306051, 6806],
[1462783207848, 7018],
[1462784109540, 7817],
[1462785011334, 8041],
[1462785913636, 8198],
[1462786815424, 8500],
[1462787717008, 8841],
[1462788618789, 9657],
[1462789520636, 9899],
[1462790422326, 10123],
[1462791323949, 10130],
[1462792225675, 9831],
[1462793127298, 9348],
[1462808274861, 11421],
[1462809177063, 11227],
[1462810078608, 10655],
[1462810980159, 10209],
[1462811881857, 9695],
[1462812783565, 9364],
[1462813685179, 9225],
[1462814586685, 9504],
[1462815488292, 8914],
[1462816418497, 7433],
[1462818221339, 3684],
[1462819122887, 4132],
[1462821827304, 4036],
[1462822728879, 5303],
[1462823630944, 6069],
[1462824532471, 6033],
[1462825434008, 5134],
[1462826335425, 4347],
[1462827237000, 4316],
[1462828138568, 4515],
[1462829040141, 4635],
[1462829941691, 5033],
[1462830843552, 5434],
[1462831745119, 6182],
[1462832646728, 7796],
[1462833548414, 8526],
[1462834449919, 9339],
[1462835351434, 10043],
[1462836252954, 10575],
[1462837154589, 11139],
[1462838056648, 11574],
[1462838958160, 12053],
[1462839859871, 12286],
[1462840761440, 12729],
[1462841663241, 12998],
[1462842564754, 13255],
[1462843466323, 13377],
[1462844367867, 13142],
[1462845269479, 13220],
[1462846171389, 13169],
[1462847072957, 13113],
[1462847983600, 12813],
[1462848888161, 12806],
[1462849789703, 12608],
[1462850691233, 12615],
[1462851592779, 12458],
[1462852494844, 12301],
[1462853396483, 11648],
[1462854298118, 11114],
[1462855199586, 10323],
[1462856101256, 9779],
[1462857002980, 8834],
[1462857904588, 8394],
[1462858806209, 7608],
[1462859707813, 6142],
[1462860609502, 4234],
[1462861511072, 5057],
[1462862426119, 5707],
[1462863354727, 6183],
[1462864256139, 6161],
[1462865157702, 5891],
[1462866059585, 5939],
[1462866961598, 6136],
[1462867863282, 6047],
[1462868765374, 6160],
[1462869666975, 6842],
[1462870568622, 6966],
[1462871470235, 7288],
[1462872377709, 7662],
[1462873279624, 8012],
[1462874181625, 8381],
[1462875083155, 9321],
[1462875984732, 9726],
[1462876886376, 9436],
[1462877788054, 9259],
[1462878689682, 8423],
[1462879591311, 8168],
[1462880492863, 7547],
[1462881395649, 5982],
[1462883198902, 3823],
[1462884103410, 4193],
[1462885005311, 4759],
[1462885906797, 6271],
[1462886812223, 7677],
[1462887713761, 8420],
[1462888615297, 8630],
[1462889516984, 8355],
[1462890418717, 8237],
[1462891320432, 8437],
[1462892222009, 9012],
[1462893123579, 9688],
[1462894025332, 9769],
[1462894927011, 9813],
[1462895829245, 9680],
[1462896730917, 9186],
[1462897632371, 8648],
[1462898533938, 8173],
[1462899435509, 7778],
[1462900337091, 7962],
[1462901238669, 7590],
[1462902140320, 7309],
[1462903042000, 5403],
[1462905747333, 3839],
[1462906650133, 4680],
[1462907552897, 5994],
[1462908466374, 7277],
[1462909367651, 8249],
[1462910270456, 9095],
[1462911173603, 10455],
[1462912075207, 10806],
[1462912976848, 11326],
[1462913878584, 11416],
[1462914780213, 11964],
[1462915682344, 12143],
[1462916585011, 12157],
[1462917487273, 12243],
[1462918388987, 11175],
[1462919290684, 10341],
[1462920193405, 10320],
[1462921095043, 10591],
[1462921996719, 11079],
[1462922898447, 11487],
[1462923800045, 11822],
[1462924702345, 12238],
[1462925604018, 12593],
[1462926505633, 12533],
[1462927407328, 12948],
[1462928309265, 13211],
[1462929210974, 13350],
[1462930112636, 13100],
[1462931014265, 13106],
[1462931915960, 13254],
[1462932817584, 13061],
[1462933719176, 13063],
[1462934620896, 12984],
[1462935523217, 12746],
[1462936424901, 12479],
[1462937326588, 12334],
[1462938228389, 11722],
[1462939130319, 11116],
[1462940032012, 10546],
[1462940933740, 9822],
[1462941835852, 9119],
[1462942737492, 8476],
[1462943639224, 7844],
[1462944540933, 7307],
[1462945442658, 6595],
[1462946344292, 5160],
[1462947246006, 4017],
[1462948147826, 4950],
[1462949049504, 5527],
[1462949951326, 5335],
[1462950853049, 5240],
[1462951754721, 5250],
[1463071353132, 8387],
[1463072255191, 7990],
[1463073156752, 7829],
[1463074058429, 8018],
[1463074959883, 7460],
[1463075861534, 5712],
[1463078566259, 3836],
[1463079467981, 4695],
[1463080369566, 5908],
[1463081271191, 7193],
[1463082172776, 8321],
[1463083074995, 9416],
[1463083976563, 9882],
[1463084878051, 10367],
[1463086681699, 10754],
[1463087583380, 10696],
[1463088485267, 10809],
[1463089386833, 10558],
[1463090288416, 10194],
[1463091190075, 10001],
[1463092104843, 9334],
[1463093006334, 9296],
[1463093907913, 9279],
[1463094809450, 9670],
[1463095711095, 10084],
[1463096612642, 10312],
[1463097514158, 10765],
[1463098415758, 11159],
[1463099317306, 11413],
[1463100218821, 11630],
[1463101120689, 12098],
[1463102022305, 12077],
[1463102923879, 11915],
[1463103825381, 12078],
[1463104727293, 12179],
[1463105628885, 12516],
[1463106530521, 12593],
[1463107432048, 12497],
[1463108333723, 12412],
[1463109235483, 12211],
[1463110137164, 12086],
[1463111038763, 12062],
[1463111941362, 11700],
[1463112843351, 10349],
[1463113745123, 9532],
[1463114646876, 8973],
[1463115549019, 8500],
[1463116450648, 7578],
[1463117352349, 7005],
[1463118253946, 6162],
[1463119156578, 4661],
[1463120058203, 3712],
[1463120959760, 4558],
[1463121888181, 5001],
[1463122789637, 5240],
[1463123691220, 5021],
[1463124592800, 5028],
[1463125494303, 4991],
[1463126396372, 5006],
[1463127297953, 5000],
[1463128199613, 5471],
[1463129101163, 5942],
[1463130003464, 6153],
[1463130905092, 6393],
[1463131806736, 6771],
[1463132708533, 7016],
[1463133609975, 7289],
[1463134511369, 8156],
[1463135412843, 8394],
[1463136314360, 8425],
[1463137215975, 8282],
[1463138117467, 7971],
[1463139018966, 7644],
[1463244189971, 9513],
[1463245092343, 9471],
[1463245994312, 9339],
[1463246896170, 8993],
[1463247797920, 8703],
[1463248699672, 6426],
[1463249601469, 3601],
[1463250503031, 3791],
[1463251404841, 4295],
[1463252306905, 4820],
[1463253208993, 6566],
[1463254110652, 8016],
[1463255012225, 8837],
[1463255914253, 9519],
[1463256815884, 10045],
[1463257717649, 10679],
[1463258619285, 10498],
[1463259521224, 10212],
[1463260422803, 10623],
[1463261324573, 10681],
[1463262226276, 10990],
[1463263127842, 11088],
[1463264029515, 10454],
[1463264931315, 9893],
[1463265832922, 9836],
[1463266734918, 9762],
[1463267636606, 9483],
[1463268538190, 9726],
[1463269439910, 9933],
[1463270341704, 10403],
[1463271246387, 12085],
[1463272148063, 13614],
[1463273049973, 14732],
[1463273951926, 15563],
[1463274853661, 15964],
[1463275755291, 16875],
[1463276657394, 17390],
[1463277559477, 17899],
[1463278464348, 18317],
[1463279366204, 19028],
[1463280267937, 19389],
[1463281169778, 19731],
[1463282071544, 19532],
[1463282976736, 19637],
[1463283878816, 19816],
[1463284780487, 19244],
[1463285682213, 19266],
[1463286583844, 18477],
[1463287485593, 18177],
[1463288387749, 17434],
[1463289289462, 16077],
[1463290191238, 15401],
[1463291092841, 14076],
[1463291994526, 9226],
[1463292896446, 8162],
[1463293798190, 8981],
[1463294699959, 8222],
[1463295601815, 8064],
[1463296503553, 7627],
[1463297405344, 6937],
[1463298307068, 6466],
[1463299209155, 6278],
[1463300110808, 6298],
[1463301012626, 6337],
[1463301914454, 6470],
[1463302816519, 6792],
[1463303718167, 6995],
[1463304619840, 7166],
[1463305521599, 7587],
[1463306423491, 7908],
[1463307325087, 8010],
[1463308226793, 8242],
[1463309128554, 8200],
[1463310030726, 8239],
[1463310963618, 8165],
[1463311865368, 7977],
[1463312767017, 7619],
[1463313668944, 5316],
[1463314570717, 4224],
[1463315472401, 4533],
[1463316374015, 6222],
[1463317276158, 6715],
[1463318177801, 7337],
[1463319080589, 7705],
[1463319982293, 8074],
[1463320884327, 8678],
[1463321786003, 9512],
[1463322687740, 10005],
[1463323589369, 10345],
[1463324491044, 10206],
[1463325392703, 10305],
[1463326294380, 10325],
[1463327196117, 10094],
[1463328098196, 9928],
[1463328999846, 9660],
[1463329901487, 9327],
[1463330803255, 9241],
[1463331705291, 9139],
[1463332607046, 8928],
[1463333508825, 8553],
[1463334410548, 7831],
[1463335312455, 4223],
[1463337116762, 3920],
[1463338018426, 5678],
[1463338920146, 6685],
[1463339822133, 7413],
[1463340723813, 8025],
[1463341625404, 8334],
[1463342530054, 8517],
[1463343431882, 8357],
[1463344333557, 9334],
[1463345235278, 10049],
[1463346137454, 10384],
[1463347039207, 10421],
[1463347940913, 10507],
[1463348842574, 10553],
[1463349744282, 10163],
[1463350649268, 9820],
[1463351550948, 10023],
[1463352452712, 10394],
[1463353354988, 10750],
[1463354256797, 11305],
[1463355158821, 11662],
[1463356060462, 11930],
[1463356962521, 12241],
[1463357864555, 12831],
[1463358766254, 12975],
[1463359668004, 13285],
[1463360570055, 13513],
[1463361472076, 13896],
[1463362373902, 13859],
[1463363276012, 13961],
[1463364178151, 14249],
[1463365081263, 14614],
[1463365983310, 14589],
[1463366884931, 14660],
[1463367786593, 14855],
[1463368688259, 14621],
[1463369590072, 14171],
[1463370491776, 13830],
[1463371393438, 13395],
[1463372295154, 12247],
[1463373196863, 11382],
[1463374098641, 10777],
[1463375003041, 9927],
[1463375904919, 8811],
[1463376806673, 7755],
[1463377708487, 6624],
[1463378610376, 4390],
[1463379512463, 3944],
[1463380414186, 4859],
[1463381315946, 5368],
[1463382217705, 5656],
[1463383119615, 5463],
[1463384021334, 5501],
[1463384923122, 5602],
[1463385825354, 5866],
[1463386727056, 5668],
[1463387629909, 5974],
[1463388531703, 6493],
[1463389434278, 6625],
[1463390336186, 6744],
[1463391238112, 6854],
[1463392139850, 7283],
[1463393041624, 8208],
[1463393943443, 8850],
[1463394845281, 8890],
[1463395747286, 8785],
[1463396649615, 8551],
[1463397551543, 8259],
[1463398453447, 8007],
[1463399355062, 7222],
[1463400272236, 4177],
[1463401189950, 3949],
[1463402091325, 4245],
[1463402993014, 4617],
[1463403895439, 6056],
[1463404797602, 7496],
[1463405699312, 8253],
[1463406601091, 8497],
[1463407503380, 8487],
[1463408405120, 8299],
