[1462740884158, 8926],
[1462740937763, 9024],
[1462741039571, 9044],
[1462741853953, 9036],
[1462742305609, 9125],
[1462742315104, 9102],
[1462742621655, 8996],
[1462742950263, 8685],
[1462743323287, 8754],
[1462743332226, 8833],
[1462743606599, 9367],
[1462743622750, 9394],
[1462744949471, 9785],
[1462745195084, 9258],
[1462745261412, 9407],
[1462746163037, 9092],
[1462747064675, 8750],
[1462747969371, 8519],
[1462748871026, 9900],
[1462749772755, 10212],
[1462750674415, 11154],
[1462751576105, 10909],
[1462752477812, 11960],
[1462753380146, 11523],
[1462754281801, 12590],
[1462755183925, 12669],
[1462756085683, 13502],
[1462756987895, 13401],
[1462757889486, 13984],
[1462758791146, 13882],
[1462759692808, 14505],
[1462760594488, 15276],
[1462761496183, 14993],
[1462762397943, 13848],
[1462763299785, 13908],
[1462764202517, 14250],
[1462765104160, 13188],
[1462766005827, 12527],
[1462766907461, 11371],
[1462767809200, 10940],
[1462768710824, 11102],
[1462769612557, 10473],
[1462770514516, 7916],
[1462771416973, 6931],
[1462772318888, 5771],
[1462773220565, 4713],
[1462774122164, 4528],
[1462781404733, 3784],
[1462782306051, 3891],
[1462783207848, 4192],
[1462784109540, 4115],
[1462785011334, 4164],
[1462785913636, 4260],
[1462786815424, 4344],
[1462787717008, 4611],
[1462788618789, 4853],
[1462789520636, 4351],
[1462790422326, 3945],
[1462791323949, 4042],
[1462792225675, 4097],
[1462793127298, 4308],
[1462815488292, 3682],
[1462816418497, 3836],
[1462817319848, 4504],
[1462818221339, 5027],
[1462819122887, 6277],
[1462826335425, 4211],
[1462827237000, 4501],
[1462828138568, 5006],
[1462829040141, 4877],
[1462829941691, 4967],
[1462830843552, 5610],
[1462831745119, 5988],
[1462832646728, 6821],
[1462833548414, 7430],
[1462834449919, 7871],
[1462835351434, 8565],
[1462836252954, 8652],
[1462837154589, 9269],
[1462838056648, 10265],
[1462838958160, 10808],
[1462839859871, 11196],
[1462840761440, 12109],
[1462841663241, 12921],
[1462842564754, 13301],
[1462843466323, 13941],
[1462844367867, 14540],
[1462845269479, 14706],
[1462846171389, 14946],
[1462847082471, 14749],
[1462847983600, 14221],
[1462848888161, 14509],
[1462849789703, 16559],
[1462850691233, 16131],
[1462851592779, 16234],
[1462852494844, 15869],
[1462853396483, 15770],
[1462854298118, 14184],
[1462855199586, 14653],
[1462856101256, 13202],
[1462857002980, 10393],
[1462857904588, 9027],
[1462858806209, 7074],
[1462859707813, 6129],
[1462860609502, 6886],
[1462861511072, 4627],
[1462862426119, 4299],
[1462863354727, 3833],
[1462865157702, 3989],
[1462866059585, 3996],
[1462866961598, 4088],
[1462868765374, 3835],
[1462869666975, 3736],
[1462870568622, 4035],
[1462871470235, 3939],
[1462872377709, 4093],
[1462873279624, 4297],
[1462874181625, 4468],
[1462875083155, 4711],
[1462875984732, 4253],
[1462876886376, 3612],
[1462880492863, 3675],
[1462881395649, 3886],
[1462882297251, 5189],
[1462883198902, 5638],
[1462884103410, 5911],
[1462885005311, 5248],
[1462902140320, 3649],
[1462903042000, 3882],
[1462903943528, 4477],
[1462904845644, 5103],
[1462905747333, 6226],
[1462906650133, 6566],
[1462907552897, 5494],
[1462908466374, 4237],
[1462909367651, 3698],
[1462910270456, 3736],
[1462911173603, 4023],
[1462912075207, 4313],
[1462912976848, 5745],
[1462913878584, 6155],
[1462914780213, 6387],
[1462915682344, 6369],
[1462916585011, 6399],
[1462917487273, 6809],
[1462918388987, 8328],
[1462919290684, 8223],
[1462920193405, 9133],
[1462921095043, 9421],
[1462921996719, 9867],
[1462922898447, 10313],
[1462923800045, 10195],
[1462924702345, 10808],
[1462925604018, 11718],
[1462926505633, 12479],
[1462927407328, 13506],
[1462928309265, 13377],
[1462929210974, 13517],
[1462930112636, 14483],
[1462931014265, 14592],
[1462931915960, 15096],
[1462932817584, 15575],
[1462933719176, 17306],
[1462934620896, 17960],
[1462935523217, 18831],
[1462936424901, 17864],
[1462937326588, 17788],
[1462938228389, 17501],
[1462939130319, 15315],
[1462940032012, 12244],
[1462940933740, 10007],
[1462941835852, 9538],
[1462942737492, 8889],
[1462943639224, 7894],
[1462944540933, 8382],
[1462945442658, 8145],
[1462946344292, 6243],
[1462947246006, 7539],
[1462948147826, 4800],
[1462949049504, 5099],
[1462949951326, 4160],
[1462950853049, 3705],
[1462951754721, 3781],
[1463075861534, 3799],
[1463076763095, 4672],
[1463077664725, 5096],
[1463078566259, 6055],
[1463079467981, 6361],
[1463080369566, 5580],
[1463081271191, 4132],
[1463082172776, 3758],
[1463084878051, 4032],
[1463085779381, 5675],
[1463086681699, 5994],
[1463087583380, 5980],
[1463088485267, 6381],
[1463089386833, 6572],
[1463090288416, 7132],
[1463091190075, 7656],
[1463092104843, 8126],
[1463093006334, 8903],
[1463093907913, 9774],
[1463094809450, 10707],
[1463095711095, 10478],
[1463096612642, 10956],
[1463097514158, 11393],
[1463098415758, 11631],
[1463099317306, 12161],
[1463100218821, 12537],
[1463101120689, 13084],
[1463102022305, 13635],
[1463102923879, 13950],
[1463103825381, 14558],
[1463104727293, 14289],
[1463105628885, 15280],
[1463106530521, 14108],
[1463107432048, 14407],
[1463108333723, 14997],
[1463109235483, 15632],
[1463110137164, 14311],
[1463111038763, 14399],
[1463111941362, 14921],
[1463112843351, 13517],
[1463113745123, 12890],
[1463114646876, 12010],
[1463115549019, 11215],
[1463116450648, 9084],
[1463117352349, 7451],
[1463118253946, 7010],
[1463119156578, 6936],
[1463120058203, 6726],
[1463120959760, 4624],
[1463121888181, 4773],
[1463122789637, 3956],
[1463125494303, 4165],
[1463126396372, 4232],
[1463127297953, 4406],
[1463128199613, 4320],
[1463129101163, 4459],
[1463130003464, 4632],
[1463130905092, 4821],
[1463131806736, 5139],
[1463132708533, 5053],
[1463133609975, 5194],
[1463134511369, 5441],
[1463135412843, 5077],
[1463136314360, 4564],
[1463137215975, 4206],
[1463138117467, 4220],
[1463139018966, 4250],
[1463244189971, 4396],
[1463245092343, 4131],
[1463245994312, 4363],
[1463246896170, 4522],
[1463247797920, 4463],
[1463248699672, 4614],
[1463249601469, 5201],
[1463250503031, 5060],
[1463251404841, 5503],
[1463252306905, 5360],
[1463253208993, 3988],
[1463254110652, 3883],
[1463255012225, 3983],
[1463255914253, 4211],
[1463256815884, 4382],
[1463257717649, 4457],
[1463258619285, 4774],
[1463259521224, 4997],
[1463260422803, 5412],
[1463261324573, 5774],
[1463262226276, 5911],
[1463263127842, 6041],
[1463264029515, 6661],
[1463264931315, 6783],
[1463265832922, 7713],
[1463266734918, 8292],
[1463267636606, 8608],
[1463268538190, 8952],
[1463269439910, 9386],
[1463270341704, 9899],
[1463271246387, 10043],
[1463272148063, 9428],
[1463273049973, 9674],
[1463273951926, 9829],
[1463274853661, 9628],
[1463275755291, 10206],
[1463276657394, 10490],
[1463277559477, 10910],
[1463278464348, 10826],
[1463279366204, 10331],
[1463280267937, 10854],
[1463281169778, 11087],
[1463282071544, 10506],
[1463282976736, 10325],
[1463283878816, 10214],
[1463284780487, 9199],
[1463285682213, 8915],
[1463286583844, 8732],
[1463287485593, 8404],
[1463288387749, 8322],
[1463289289462, 6757],
[1463290191238, 5639],
[1463291092841, 5308],
[1463291994526, 4571],
[1463292896446, 4299],
[1463293798190, 4737],
[1463294699959, 5365],
[1463295601815, 5832],
[1463296503553, 6579],
[1463297405344, 6392],
[1463298307068, 6255],
[1463299209155, 6005],
[1463300110808, 5832],
[1463301012626, 5305],
[1463301914454, 5245],
[1463302816519, 4911],
[1463303718167, 5134],
[1463304619840, 5183],
[1463305521599, 5327],
[1463306423491, 5451],
[1463307325087, 5420],
[1463308226793, 5361],
[1463309128554, 5530],
[1463310030726, 5778],
[1463310963618, 6918],
[1463311865368, 7496],
[1463312767017, 7688],
[1463313668944, 7448],
[1463314570717, 6240],
[1463315472401, 5869],
[1463316374015, 5084],
[1463317276158, 5044],
[1463318177801, 5869],
[1463319080589, 6241],
[1463319982293, 6412],
[1463320884327, 5634],
[1463321786003, 4936],
[1463322687740, 4453],
[1463323589369, 4255],
[1463324491044, 3847],
[1463331705291, 3603],
[1463332607046, 3698],
[1463333508825, 4063],
[1463334410548, 4164],
[1463335312455, 4848],
[1463336214126, 5327],
[1463337116762, 5563],
[1463338018426, 5991],
[1463338920146, 7059],
[1463339822133, 6849],
[1463340723813, 6411],
[1463341625404, 6263],
[1463342530054, 6608],
[1463343431882, 6858],
[1463344333557, 6995],
[1463345235278, 7471],
[1463346137454, 7614],
[1463347039207, 8165],
[1463347940913, 7804],
[1463348842574, 7802],
[1463349744282, 7773],
[1463350649268, 7437],
[1463351550948, 7758],
[1463352452712, 8057],
[1463353354988, 8854],
[1463354256797, 9571],
[1463355158821, 10438],
[1463356060462, 10783],
[1463356962521, 11649],
[1463357864555, 11628],
[1463358766254, 12304],
[1463359668004, 12451],
[1463360570055, 12906],
[1463361472076, 12288],
[1463362373902, 13101],
[1463363276012, 13553],
[1463364178151, 14500],
[1463365081263, 15056],
[1463365983310, 15371],
[1463366884931, 15395],
[1463367786593, 15446],
[1463368688259, 15888],
[1463369590072, 16527],
[1463370491776, 16331],
[1463371393438, 16874],
[1463372295154, 15230],
[1463373196863, 14594],
[1463374098641, 13095],
[1463375003041, 10133],
[1463375904919, 8921],
[1463376806673, 8439],
[1463377708487, 6724],
[1463378610376, 6627],
[1463379512463, 4513],
[1463381315946, 3938],
[1463384923122, 3806],
[1463385825354, 3987],
[1463386727056, 3911],
[1463387629909, 4103],
[1463388531703, 4039],
[1463389434278, 4078],
[1463390336186, 4060],
[1463391238112, 4184],
[1463392139850, 4437],
[1463393041624, 4382],
[1463393943443, 4591],
[1463394845281, 3965],
[1463398453447, 3696],
[1463399355062, 3887],
[1463400272236, 5101],
[1463401189950, 5739],
[1463402091325, 5271],
[1463402993014, 4216],
