[1462740884158, 8161],
[1462740937763, 8622],
[1462741039571, 8509],
[1462741853953, 7928],
[1462742305609, 8823],
[1462742315104, 8823],
[1462742621655, 8333],
[1462742950263, 8950],
[1462743323287, 8964],
[1462743332226, 8964],
[1462743606599, 9153],
[1462743622750, 9153],
[1462744949471, 9567],
[1462745195084, 9679],
[1462745261412, 9786],
[1462746163037, 8621],
[1462747064675, 8037],
[1462747969371, 8944],
[1462748871026, 9500],
[1462749772755, 9261],
[1462750674415, 9499],
[1462751576105, 9902],
[1462752477812, 10555],
[1462753380146, 12171],
[1462754281801, 12975],
[1462755183925, 12813],
[1462756085683, 13557],
[1462756987895, 12945],
[1462757889486, 13389],
[1462758791146, 12411],
[1462759692808, 14109],
[1462760594488, 16091],
[1462761496183, 15795],
[1462762397943, 16978],
[1462763299785, 16567],
[1462764202517, 15503],
[1462765104160, 16132],
[1462766005827, 17231],
[1462766907461, 16650],
[1462767809200, 13981],
[1462768710824, 15489],
[1462769612557, 12445],
[1462770514516, 12806],
[1462771416973, 12087],
[1462772318888, 11796],
[1462773220565, 9651],
[1462774122164, 10305],
[1462775024417, 10731],
[1462775942630, 8560],
[1462776844423, 6898],
[1462777766542, 8991],
[1462778668231, 10183],
[1462779569997, 9430],
[1462780471745, 7993],
[1462781373492, 8160],
[1462782306051, 6255],
[1462783207848, 7174],
[1462784109540, 6269],
[1462785011334, 5934],
[1462785913636, 5852],
[1462786815424, 6134],
[1462787717008, 6628],
[1462788618789, 6381],
[1462789520636, 6533],
[1462790422326, 6766],
[1462791323949, 6328],
[1462792225675, 5919],
[1462793127298, 6124],
[1462808274861, 6875],
[1462809177063, 6901],
[1462810078608, 6468],
[1462810980159, 6899],
[1462811881857, 7307],
[1462812783565, 7289],
[1462813685179, 7486],
[1462814586685, 6682],
[1462815488292, 6923],
[1462816389890, 6478],
[1462817319848, 7131],
[1462818221339, 7456],
[1462819122887, 6156],
[1462820925849, 3868],
[1462824532471, 3672],
[1462827237000, 3731],
[1462829040141, 3957],
[1462829941691, 3828],
[1462830843552, 3727],
[1462831745119, 5338],
[1462832646728, 4889],
[1462833548414, 5201],
[1462834449919, 5044],
[1462835351434, 5778],
[1462836252954, 6934],
[1462837154589, 6792],
[1462838056648, 6370],
[1462838958160, 7271],
[1462839859871, 7826],
[1462840761440, 8700],
[1462841663241, 9650],
[1462842564754, 10122],
[1462843466323, 9757],
[1462844367867, 9136],
[1462845269479, 8720],
[1462846171389, 9508],
[1462847072957, 9404],
[1462847983600, 10556],
[1462848888161, 11749],
[1462849789703, 9683],
[1462850691233, 10481],
[1462851592779, 11188],
[1462852494844, 11365],
[1462853396483, 11801],
[1462854298118, 11003],
[1462855199586, 9585],
[1462856101256, 9234],
[1462857002980, 9128],
[1462857904588, 8016],
[1462858806209, 8645],
[1462859707813, 8066],
[1462860609502, 8211],
[1462861511072, 7134],
[1462862412532, 4843],
[1462863327862, 4832],
[1462864256139, 5712],
[1462865157702, 5664],
[1462866059585, 5799],
[1462866961598, 6248],
[1462867863282, 4812],
[1462868765374, 3907],
[1462869666975, 3784],
[1462870568622, 3932],
[1462871470235, 3640],
[1462873279624, 3949],
[1462874181625, 4100],
[1462875083155, 4635],
[1462875984732, 4317],
[1462876886376, 4535],
[1462877788054, 4332],
[1462878689682, 4525],
[1462879591311, 4690],
[1462880492863, 4728],
[1462881395649, 4556],
[1462882297251, 4852],
[1462883198902, 5383],
[1462884103410, 5194],
[1462885005311, 4727],
[1462885906797, 3851],
[1462886812223, 4098],
[1462887713761, 4132],
[1462888615297, 3733],
[1462891320432, 4033],
[1462892222009, 4387],
[1462893123579, 4687],
[1462894025332, 5060],
[1462894927011, 5556],
[1462895829245, 5310],
[1462896730917, 5377],
[1462897632371, 4967],
[1462898533938, 4607],
[1462899435509, 4680],
[1462900337091, 4578],
[1462901238669, 5172],
[1462902140320, 5100],
[1462903042000, 4785],
[1462903943528, 5235],
[1462904845644, 5354],
[1462905747333, 5680],
[1462906650133, 5675],
[1462907552897, 4395],
[1462908460111, 4459],
[1462909367651, 4118],
[1462910270456, 4658],
[1462911173603, 4734],
[1462912075207, 4782],
[1462912976848, 5007],
[1462913878584, 4701],
[1462914780213, 4672],
[1462915682344, 4367],
[1462916585011, 4540],
[1462917487273, 5118],
[1462918388987, 6313],
[1462919290684, 6354],
[1462920193405, 6007],
[1462921095043, 7178],
[1462921996719, 7141],
[1462922898447, 7824],
[1462923800045, 9163],
[1462924702345, 10295],
[1462925604018, 10580],
[1462926505633, 9822],
[1462927407328, 10229],
[1462928309265, 9767],
[1462929210974, 9801],
[1462930112636, 10052],
[1462931014265, 9750],
[1462931915960, 10341],
[1462932817584, 9758],
[1462933719176, 10479],
[1462934620896, 9455],
[1462935523217, 11577],
[1462936424901, 10395],
[1462937326588, 10019],
[1462938228389, 11020],
[1462939130319, 11000],
[1462940032012, 11130],
[1462940933740, 11552],
[1462941835852, 10620],
[1462942737492, 9020],
[1462943639224, 11760],
[1462944540933, 12219],
[1462945442658, 9066],
[1462946344292, 9497],
[1462947246006, 8573],
[1462948147826, 7474],
[1462949049504, 6091],
[1462949951326, 5669],
[1462950853049, 6208],
[1462951754721, 6957],
[1463071353132, 5215],
[1463072255191, 5949],
[1463073156752, 4800],
[1463074058429, 4429],
[1463074959883, 5134],
[1463075861534, 5124],
[1463076763095, 4692],
[1463077664725, 4564],
[1463078566259, 4394],
[1463079467981, 4728],
[1463080369566, 4752],
[1463081271191, 4365],
[1463082172776, 4054],
[1463085779381, 4037],
[1463088485267, 3719],
[1463091190075, 4201],
[1463092104843, 4432],
[1463093006334, 4475],
[1463093907913, 5094],
[1463094809450, 5486],
[1463095711095, 6109],
[1463096612642, 6549],
[1463097514158, 7439],
[1463098415758, 7962],
[1463099317306, 7294],
[1463100218821, 7072],
[1463101120689, 7829],
[1463102022305, 8459],
[1463102923879, 9529],
[1463103825381, 9651],
[1463104727293, 10270],
[1463105628885, 11626],
[1463106530521, 11540],
[1463107432048, 11790],
[1463108333723, 11479],
[1463109235483, 11858],
[1463110137164, 11647],
[1463111038763, 11334],
[1463111941362, 12587],
[1463112843351, 9532],
[1463113745123, 10086],
[1463114646876, 9118],
[1463115549019, 7001],
[1463116450648, 7413],
[1463117352349, 7070],
[1463118253946, 7278],
[1463119156578, 7607],
[1463120058203, 7196],
[1463120959760, 5150],
[1463121861369, 3718],
[1463122789637, 3994],
[1463123691220, 4251],
[1463124592800, 4536],
[1463125494303, 4896],
[1463126396372, 5364],
[1463127297953, 3953],
[1463129101163, 4083],
[1463131806736, 3734],
[1463132708533, 4196],
[1463133609975, 4685],
[1463134511369, 4498],
[1463135412843, 4210],
[1463136314360, 3871],
[1463137215975, 3884],
[1463138117467, 3786],
[1463139018966, 4183],
[1463244189971, 10384],
[1463245092343, 9226],
[1463245994312, 10124],
[1463246896170, 9442],
[1463247797920, 8716],
[1463248699672, 8776],
[1463249601469, 9232],
[1463250503031, 9360],
[1463251404841, 9190],
[1463252306905, 9126],
[1463253208993, 7786],
[1463254110652, 7525],
[1463255012225, 8211],
[1463255914253, 8659],
[1463256815884, 8212],
[1463257717649, 8179],
[1463258619285, 8159],
[1463259521224, 7369],
[1463260422803, 6634],
[1463261324573, 6875],
[1463262226276, 7162],
[1463263127842, 6813],
[1463264029515, 6917],
[1463264931315, 7651],
[1463265832922, 8456],
[1463266734918, 8969],
[1463267636606, 9503],
[1463268538190, 8796],
[1463269439910, 9300],
[1463270341704, 10285],
[1463271246387, 11071],
[1463272148063, 13724],
[1463273049973, 16076],
[1463273951926, 15556],
[1463274853661, 15467],
[1463275755291, 14702],
[1463276657394, 15450],
[1463277559477, 18193],
[1463278464348, 18393],
[1463279366204, 17004],
[1463280267937, 16040],
[1463281169778, 17173],
[1463282071544, 17481],
[1463282976736, 18092],
[1463283878816, 17545],
[1463284780487, 17493],
[1463285682213, 17599],
[1463286583844, 16446],
[1463287485593, 17390],
[1463288387749, 15353],
[1463289289462, 14807],
[1463290191238, 13209],
[1463291092841, 10823],
[1463291994526, 11864],
[1463292896446, 13191],
[1463293798190, 13944],
[1463294699959, 13006],
[1463295601815, 14365],
[1463296503553, 14760],
[1463297405344, 12719],
[1463298307068, 11567],
[1463299209155, 13139],
[1463300110808, 13547],
[1463301012626, 15142],
[1463301914454, 13959],
[1463302816519, 11524],
[1463303718167, 11126],
[1463304619840, 10787],
[1463305521599, 10377],
[1463306423491, 9550],
[1463307325087, 9673],
[1463308226793, 9784],
[1463309128554, 10008],
[1463310030726, 9559],
[1463310963618, 8605],
[1463311865368, 8191],
[1463312767017, 9000],
[1463313668944, 9243],
[1463314570717, 8406],
[1463315472401, 9093],
[1463316374015, 8218],
[1463317276158, 8587],
[1463318177801, 7729],
[1463319080589, 7834],
[1463319982293, 8506],
[1463320884327, 9444],
[1463321786003, 9670],
[1463322687740, 9926],
[1463323589369, 9405],
[1463324491044, 9727],
[1463325392703, 10742],
[1463326294380, 10174],
[1463327196117, 9864],
[1463328098196, 10743],
[1463328999846, 12434],
[1463329901487, 13337],
[1463330803255, 12769],
[1463331705291, 11912],
[1463332607046, 13329],
[1463333508825, 12488],
[1463334410548, 14346],
[1463335312455, 15903],
[1463336214126, 15506],
[1463337116762, 12266],
[1463338018426, 11116],
[1463338920146, 11873],
[1463339822133, 11184],
[1463340723813, 13226],
[1463341625404, 12586],
[1463342530054, 12659],
[1463343431882, 15725],
[1463344333557, 15700],
[1463345235278, 14936],
[1463346137454, 16062],
[1463347039207, 15782],
[1463347940913, 15099],
[1463348842574, 14838],
[1463349744282, 16674],
[1463350649268, 18075],
[1463351550948, 14029],
[1463352452712, 17270],
[1463353354988, 17378],
[1463354256797, 17351],
[1463355158821, 17748],
[1463356060462, 17256],
[1463356962521, 17288],
[1463357864555, 17878],
[1463358766254, 16852],
[1463359668004, 15958],
[1463360570055, 17797],
[1463361472076, 14643],
[1463362373902, 16278],
[1463363276012, 16616],
[1463364178151, 15645],
[1463365081263, 17729],
[1463365983310, 17423],
[1463366884931, 18903],
[1463367786593, 18112],
[1463368688259, 22512],
[1463369590072, 24728],
[1463370491776, 27153],
[1463371393438, 29470],
[1463372295154, 32977],
[1463373196863, 30379],
[1463374098641, 31584],
[1463375003041, 22889],
[1463375904919, 18466],
[1463376806673, 16694],
[1463377708487, 19081],
[1463378610376, 17206],
[1463379512463, 19785],
[1463380414186, 12966],
[1463381315946, 9117],
[1463382217705, 8945],
[1463383119615, 10836],
[1463384021334, 10624],
[1463384923122, 12485],
[1463385825354, 9866],
[1463389434278, 3905],
[1463392139850, 3815],
[1463393041624, 4269],
[1463393943443, 3821],
[1463401174325, 3887],
[1463402091325, 3799],
