[1462756085683, 3854],
[1462756987895, 4728],
[1462757889486, 5370],
[1462758791146, 6431],
[1462759692808, 6036],
[1462760594488, 5175],
[1462761496183, 4341],
[1462762397943, 3754],
[1462763299785, 3711],
[1462770514516, 3771],
[1462771416973, 4075],
[1462772318888, 4387],
[1462773220565, 4599],
[1462774122164, 5884],
[1462775041069, 6336],
[1462775942630, 5785],
[1462776865136, 6444],
[1462777766542, 6403],
[1462778668231, 6052],
[1462779569997, 5525],
[1462780471745, 6506],
[1462781404733, 6615],
[1462782306051, 7042],
[1462783207848, 6419],
[1462784109540, 6191],
[1462785011334, 6125],
[1462785913636, 6087],
[1462786815424, 6099],
[1462787717008, 5808],
[1462788618789, 4367],
[1462789520636, 4254],
[1462790422326, 4652],
[1462791323949, 3918],
[1462792225675, 5754],
[1462793127298, 6432],
[1462830843552, 3931],
[1462831745119, 4166],
[1462832646728, 4011],
[1462833548414, 4353],
[1462834449919, 4485],
[1462835351434, 4812],
[1462836252954, 4785],
[1462837154589, 5549],
[1462838056648, 5996],
[1462838958160, 6108],
[1462839859871, 6355],
[1462840761440, 6331],
[1462841663241, 6897],
[1462842564754, 7114],
[1462843466323, 7344],
[1462844367867, 7253],
[1462845269479, 7581],
[1462846171389, 6957],
[1462847082471, 7004],
[1462847983600, 6762],
[1462848888161, 6468],
[1462849789703, 5974],
[1462850691233, 5501],
[1462851592779, 3894],
[1462854298118, 3662],
[1462855199586, 3826],
[1462856101256, 4230],
[1462857002980, 4269],
[1462857904588, 4557],
[1462858806209, 5419],
[1462859707813, 5605],
[1462860609502, 7626],
[1462866059585, 3820],
[1462866961598, 4146],
[1462867863282, 4720],
[1462868765374, 4625],
[1462869666975, 4135],
[1462870568622, 4184],
[1462871476947, 4137],
[1462872377709, 5286],
[1462873279624, 6152],
[1462874181625, 5253],
[1462875083155, 4592],
[1462875984732, 3880],
[1462877788054, 3860],
[1462878689682, 4510],
[1462879591311, 4773],
[1462880492863, 4698],
[1462881395649, 5166],
[1462882297251, 5426],
[1462883198902, 5490],
[1462884103410, 6027],
[1462918388987, 3650],
[1462919290684, 3655],
[1462920193405, 4216],
[1462921095043, 4468],
[1462921996719, 4636],
[1462926505633, 3608],
[1462927407328, 4040],
[1462928309265, 4395],
[1462929210974, 4942],
[1462930112636, 5515],
[1462931014265, 6186],
[1462931915960, 6670],
[1462932817584, 6263],
[1462933719176, 6594],
[1462934620896, 7009],
[1462935523217, 7116],
[1462936424901, 6648],
[1462937326588, 6661],
[1462938228389, 6508],
[1462939130319, 7061],
[1462940032012, 6712],
[1462940933740, 7405],
[1462941835852, 7022],
[1462942737492, 7326],
[1462943639224, 6937],
[1462944540933, 6852],
[1462945442658, 5550],
[1462946344292, 4391],
[1462947246006, 7560],
[1462948147826, 5994],
[1462949049504, 7498],
[1462951754721, 3624],
[1463074058429, 3652],
[1463074959883, 5281],
[1463075861534, 4576],
[1463076763095, 4603],
[1463077664725, 4590],
[1463078566259, 4854],
[1463079467981, 3748],
[1463090288416, 3679],
[1463091204025, 4200],
[1463092104843, 3854],
[1463093006334, 4198],
[1463093907913, 4508],
[1463094809450, 4397],
[1463095711095, 4597],
[1463096612642, 4799],
[1463097514158, 5039],
[1463098415758, 5413],
[1463099317306, 5496],
[1463100218821, 5902],
[1463101120689, 6432],
[1463102022305, 7509],
[1463102923879, 7481],
[1463103825381, 8295],
[1463104727293, 8298],
[1463105628885, 8376],
[1463106530521, 7986],
[1463107432048, 7754],
[1463108333723, 6694],
[1463109235483, 5446],
[1463110137164, 5019],
[1463111038763, 4173],
[1463111941362, 3723],
[1463112843351, 3730],
[1463113745123, 3625],
[1463114646876, 3778],
[1463115549019, 4078],
[1463116450648, 4334],
[1463117352349, 4819],
[1463118253946, 5124],
[1463119156578, 5263],
[1463120058203, 7373],
[1463120959760, 8644],
[1463121888181, 9299],
[1463122789637, 9331],
[1463123691220, 9794],
[1463124592800, 9947],
[1463125494303, 9840],
[1463126396372, 4838],
[1463127297953, 5978],
[1463128199613, 6517],
[1463129101163, 6002],
[1463130003464, 6202],
[1463130905092, 5401],
[1463131806736, 6028],
[1463132708533, 6208],
[1463133609975, 6562],
[1463134511369, 5705],
[1463135412843, 6298],
[1463136314360, 6879],
[1463137215975, 7635],
[1463138117467, 7907],
[1463139018966, 9661],
[1463244189971, 8671],
[1463245092343, 8571],
[1463245994312, 9531],
[1463246896170, 8046],
[1463247797920, 6329],
[1463259521224, 9212],
[1463260422803, 7511],
[1463261324573, 5291],
[1463262226276, 5056],
[1463263127842, 5576],
[1463264029515, 4757],
[1463264931315, 4870],
[1463265832922, 4997],
[1463266734918, 5419],
[1463267636606, 5822],
[1463268538190, 6379],
[1463269439910, 6915],
[1463270341704, 7179],
[1463271246387, 7217],
[1463272148063, 7959],
[1463273049973, 8499],
[1463273951926, 8719],
[1463274853661, 8990],
[1463275755291, 9086],
[1463276657394, 9765],
[1463277559477, 9667],
[1463278464348, 9745],
[1463279366204, 10558],
[1463280267937, 9838],
[1463281169778, 11284],
[1463282071544, 10908],
[1463282976736, 10326],
[1463283878816, 10482],
[1463284780487, 10898],
[1463285682213, 9573],
[1463286583844, 10566],
[1463287485593, 9750],
[1463288387749, 9686],
[1463289289462, 9631],
[1463290191238, 8771],
[1463291092841, 7590],
[1463291994526, 8133],
[1463292896446, 8475],
[1463293798190, 9882],
[1463294699959, 9320],
[1463295601815, 11162],
[1463296503553, 11871],
[1463297405344, 12083],
[1463298307068, 12673],
[1463299209155, 13333],
[1463300110808, 12248],
[1463301012626, 13436],
[1463301914454, 13329],
[1463302816519, 11734],
[1463303718167, 10322],
[1463304619840, 12196],
[1463305521599, 11820],
[1463306423491, 11388],
[1463307325087, 12395],
[1463308226793, 11639],
[1463319982293, 4010],
[1463320884327, 4397],
[1463321786003, 5183],
[1463322687740, 4753],
[1463323589369, 4138],
[1463324491044, 4149],
[1463325392703, 3941],
[1463326294380, 4974],
[1463327196117, 3933],
[1463328098196, 4024],
[1463336214126, 3749],
[1463337116762, 3823],
[1463340723813, 3644],
[1463343431882, 4189],
[1463344333557, 4914],
[1463346137454, 4253],
[1463347039207, 5072],
[1463347940913, 5055],
[1463356962521, 4215],
[1463357864555, 4413],
[1463358766254, 4918],
[1463359668004, 5924],
[1463360570055, 6642],
[1463361472076, 6532],
[1463362373902, 7258],
[1463363276012, 7769],
[1463364178151, 7703],
[1463365081263, 7564],
[1463365983310, 7018],
[1463366884931, 7102],
[1463367786593, 5078],
[1463368688259, 4251],
[1463377708487, 3626],
[1463378610376, 4478],
[1463379512463, 5185],
[1463380414186, 4933],
[1463381315946, 6075],
[1463382217705, 5492],
[1463383119615, 6399],
[1463384021334, 6771],
[1463384923122, 6758],
[1463385825354, 6751],
[1463386727056, 4054],
[1463387629909, 4199],
[1463388531703, 4582],
[1463389434278, 4119],
[1463390336186, 4829],
[1463391238112, 3611],
[1463392139850, 3683],
[1463398453447, 4166],
[1463399355062, 4102],
[1463400272236, 5421],
[1463401189950, 3696],
[1463402993014, 3661],
