[1462740884158, 5930],
[1462740937763, 6118],
[1462741039571, 6290],
[1462741853953, 7788],
[1462742305609, 8421],
[1462742315104, 8416],
[1462742621655, 8863],
[1462742950263, 9416],
[1462743323287, 9774],
[1462743332226, 9570],
[1462743606599, 9762],
[1462743622750, 9648],
[1462744949471, 10426],
[1462745195084, 10403],
[1462745261412, 10601],
[1462746163037, 10376],
[1462747064675, 10654],
[1462747969371, 11225],
[1462748871026, 10412],
[1462749772755, 10750],
[1462750674415, 10359],
[1462751576105, 11570],
[1462752477812, 12320],
[1462753380146, 12929],
[1462754281801, 13434],
[1462755183925, 12878],
[1462756085683, 13952],
[1462756987895, 15379],
[1462757889486, 15230],
[1462758791146, 15934],
[1462759692808, 13809],
[1462760594488, 14729],
[1462761496183, 14173],
[1462762397943, 14606],
[1462763299785, 12499],
[1462764202517, 12857],
[1462765104160, 12065],
[1462766005827, 11068],
[1462766907461, 9876],
[1462767809200, 7951],
[1462768710824, 7093],
[1462769612557, 6862],
[1462770514516, 6203],
[1462771416973, 5897],
[1462772318888, 5600],
[1462773220565, 4667],
[1462775024417, 3652],
[1462776844423, 3743],
[1462777766542, 4218],
[1462778668231, 4474],
[1462779569997, 4096],
[1462780471745, 4161],
[1462781373492, 4228],
[1462782306051, 4469],
[1462783207848, 4493],
[1462784109540, 4519],
[1462785011334, 4824],
[1462785913636, 5117],
[1462786815424, 5402],
[1462787717008, 6159],
[1462788618789, 5910],
[1462789520636, 6353],
[1462790422326, 6728],
[1462791323949, 6641],
[1462792225675, 6554],
[1462793127298, 6427],
[1462808274861, 8539],
[1462809177063, 8558],
[1462810078608, 8325],
[1462810980159, 8144],
[1462811881857, 7836],
[1462812783565, 7153],
[1462813685179, 6589],
[1462814586685, 5748],
[1462815488292, 4142],
[1462816389890, 4250],
[1462821827304, 4122],
[1462822728879, 4864],
[1462823630944, 5078],
[1462824532471, 5243],
[1462825434008, 5781],
[1462826335425, 6184],
[1462827237000, 6437],
[1462828138568, 6781],
[1462829040141, 7687],
[1462829941691, 8297],
[1462830843552, 8817],
[1462831745119, 8220],
[1462832646728, 7844],
[1462833548414, 7853],
[1462834449919, 7836],
[1462835351434, 8205],
[1462836252954, 7991],
[1462837154589, 8789],
[1462838056648, 9599],
[1462838958160, 10415],
[1462839859871, 12066],
[1462840761440, 12519],
[1462841663241, 13796],
[1462842564754, 14108],
[1462843466323, 14499],
[1462844367867, 15008],
[1462845269479, 15045],
[1462846171389, 15508],
[1462847072957, 14061],
[1462847983600, 13650],
[1462848888161, 13826],
[1462849789703, 13089],
[1462850691233, 13183],
[1462851592779, 12915],
[1462852494844, 12458],
[1462853396483, 10481],
[1462854298118, 8232],
[1462855199586, 6879],
[1462856101256, 6509],
[1462857002980, 6102],
[1462857904588, 6159],
[1462858806209, 6047],
[1462859707813, 5315],
[1462861511072, 4017],
[1462862412532, 3733],
[1462863327862, 4585],
[1462864256139, 5500],
[1462865157702, 5612],
[1462866059585, 5144],
[1462867863282, 4531],
[1462868765374, 4652],
[1462869666975, 4670],
[1462870568622, 4817],
[1462871470235, 4911],
[1462872377709, 5267],
[1462873279624, 5577],
[1462874181625, 6168],
[1462875083155, 6575],
[1462875984732, 7027],
[1462876886376, 7031],
[1462877788054, 6681],
[1462878689682, 6529],
[1462879591311, 6809],
[1462880492863, 6764],
[1462881395649, 6027],
[1462883198902, 3866],
[1462884103410, 4852],
[1462885005311, 5550],
[1462885906797, 6129],
[1462886812223, 6068],
[1462887713761, 6430],
[1462888615297, 6642],
[1462889516984, 7006],
[1462890418717, 7110],
[1462891320432, 7291],
[1462892222009, 7098],
[1462893123579, 7885],
[1462894025332, 7965],
[1462894927011, 7460],
[1462895829245, 7473],
[1462896730917, 7163],
[1462897632371, 6458],
[1462898533938, 5874],
[1462899435509, 5679],
[1462900337091, 5799],
[1462901238669, 5025],
[1462903042000, 3729],
[1462905747333, 3613],
[1462906650133, 3964],
[1462907552897, 4891],
[1462908460111, 5628],
[1462909367651, 6030],
[1462910270456, 7030],
[1462911173603, 7959],
[1462912075207, 8425],
[1462912976848, 9212],
[1462913878584, 9509],
[1462914780213, 9430],
[1462915682344, 9222],
[1462916585011, 9078],
[1462917487273, 9039],
[1462918388987, 8146],
[1462919290684, 7750],
[1462920193405, 8129],
[1462921095043, 7817],
[1462921996719, 8077],
[1462922898447, 8576],
[1462923800045, 9014],
[1462924702345, 10214],
[1462925604018, 10644],
[1462926505633, 11060],
[1462927407328, 11567],
[1462928309265, 12896],
[1462929210974, 13578],
[1462930112636, 12883],
[1462931014265, 13183],
[1462931915960, 13427],
[1462932817584, 13014],
[1462933719176, 12752],
[1462934620896, 13162],
[1462935523217, 13917],
[1462936424901, 12941],
[1462937326588, 12859],
[1462938228389, 12049],
[1462939130319, 11257],
[1462940032012, 9933],
[1462940933740, 8353],
[1462941835852, 6937],
[1462942737492, 6629],
[1462943639224, 6269],
[1462944540933, 6579],
[1462945442658, 6363],
[1462946344292, 4698],
[1462947246006, 3845],
[1462948147826, 4022],
[1462949049504, 4109],
[1462949951326, 4679],
[1462950853049, 5231],
[1462951754721, 5062],
[1463071353132, 5817],
[1463072255191, 5805],
[1463073156752, 5337],
[1463074058429, 4522],
[1463075861534, 3772],
[1463080369566, 3701],
[1463081271191, 3969],
[1463082172776, 4238],
[1463084878051, 6487],
[1463086681699, 7290],
[1463088485267, 7229],
[1463089386833, 7285],
[1463090288416, 7384],
[1463091190075, 7019],
[1463092104843, 6733],
[1463093006334, 7423],
[1463093907913, 7842],
[1463094809450, 8303],
[1463095711095, 8444],
[1463096612642, 8003],
[1463097514158, 8319],
[1463098415758, 8770],
[1463099317306, 8690],
[1463100218821, 9081],
[1463101120689, 9919],
[1463102022305, 9337],
[1463102923879, 10464],
[1463103825381, 11942],
[1463104727293, 11300],
[1463105628885, 11915],
[1463106530521, 12089],
[1463107432048, 11893],
[1463108333723, 11727],
[1463109235483, 10586],
[1463110137164, 10662],
[1463111038763, 9631],
[1463111941362, 9126],
[1463112843351, 6900],
[1463113745123, 5821],
[1463114646876, 5483],
[1463115549019, 5167],
[1463116450648, 4933],
[1463117352349, 5066],
[1463118253946, 5212],
[1463120959760, 3609],
[1463122789637, 4093],
[1463123691220, 4483],
[1463124592800, 4410],
[1463125494303, 4075],
[1463126396372, 4316],
[1463127297953, 4414],
[1463128199613, 4207],
[1463129101163, 4172],
[1463130003464, 4328],
[1463130905092, 4802],
[1463131806736, 5045],
[1463132708533, 5012],
[1463133609975, 5578],
[1463134511369, 5797],
[1463135412843, 6297],
[1463136314360, 6458],
[1463137215975, 5802],
[1463138117467, 5738],
[1463139018966, 5794],
[1463244189971, 7842],
[1463245092343, 7440],
[1463245994312, 7608],
[1463246896170, 7396],
[1463247797920, 7709],
[1463248699672, 7132],
[1463249601469, 7004],
[1463250503031, 8991],
[1463251404841, 9753],
[1463252306905, 9298],
[1463253208993, 9856],
[1463254110652, 8683],
[1463255012225, 7362],
[1463255914253, 7325],
[1463256815884, 7108],
[1463257717649, 6659],
[1463258619285, 6726],
[1463259521224, 5649],
[1463260422803, 5842],
[1463261324573, 5867],
[1463262226276, 6088],
[1463263127842, 5886],
[1463264029515, 6157],
[1463264931315, 6277],
[1463265832922, 6314],
[1463266734918, 6415],
[1463267636606, 7338],
[1463268538190, 7740],
[1463269439910, 7885],
[1463270341704, 8401],
[1463271246387, 8570],
[1463272148063, 8927],
[1463273049973, 9870],
[1463273951926, 10336],
[1463274853661, 11040],
[1463275755291, 11458],
[1463276657394, 12650],
[1463277559477, 12756],
[1463278464348, 12682],
[1463279366204, 13707],
[1463280267937, 14181],
[1463281169778, 14198],
[1463282071544, 14126],
[1463282976736, 12415],
[1463283878816, 11469],
[1463284780487, 10524],
[1463285682213, 8476],
[1463286583844, 8226],
[1463287485593, 7116],
[1463288387749, 6248],
[1463289289462, 5777],
[1463290191238, 5609],
[1463291092841, 5299],
[1463291994526, 4585],
[1463292896446, 4305],
[1463293798190, 4635],
[1463294699959, 5052],
[1463295601815, 5033],
[1463296503553, 4784],
[1463297405344, 4836],
[1463298307068, 5551],
[1463299209155, 5956],
[1463300110808, 6241],
[1463301012626, 6709],
[1463301914454, 7309],
[1463302816519, 7264],
[1463303718167, 7589],
[1463304619840, 8067],
[1463305521599, 8158],
[1463306423491, 8864],
[1463307325087, 8296],
[1463308226793, 8265],
[1463309128554, 8124],
[1463310030726, 7836],
[1463310963618, 7446],
[1463311865368, 7904],
[1463312767017, 7803],
[1463313668944, 6762],
[1463314570717, 7550],
[1463315472401, 7815],
[1463316374015, 8286],
[1463317276158, 8347],
[1463318177801, 8714],
[1463319080589, 8584],
[1463319982293, 9270],
[1463320884327, 9769],
[1463321786003, 9412],
[1463322687740, 9823],
[1463323589369, 9144],
[1463324491044, 8877],
[1463325392703, 8578],
[1463326294380, 8403],
[1463327196117, 9292],
[1463328098196, 8560],
[1463328999846, 8616],
[1463329901487, 7749],
[1463330803255, 7193],
[1463331705291, 7207],
[1463332607046, 7001],
[1463333508825, 6444],
[1463334410548, 6519],
[1463335312455, 4778],
[1463336214126, 5261],
[1463337116762, 5604],
[1463338018426, 5382],
[1463338920146, 5807],
[1463339822133, 6174],
[1463340723813, 5899],
[1463341625404, 5840],
[1463342530054, 6179],
[1463343431882, 5839],
[1463344333557, 5847],
[1463345235278, 5874],
[1463346137454, 6521],
[1463347039207, 7783],
[1463347940913, 8146],
[1463348842574, 8692],
[1463349744282, 9528],
[1463350649268, 10279],
[1463351550948, 10634],
[1463352452712, 11579],
[1463353354988, 11356],
[1463354256797, 12332],
[1463355158821, 12371],
[1463356060462, 12414],
[1463356962521, 13107],
[1463357864555, 13259],
[1463358766254, 13728],
[1463359668004, 14681],
[1463360570055, 15064],
[1463361472076, 14766],
[1463362373902, 14539],
[1463363276012, 14804],
[1463364178151, 15108],
[1463365081263, 15890],
[1463365983310, 16473],
[1463366884931, 15802],
[1463367786593, 15845],
[1463368688259, 16753],
[1463369590072, 16164],
[1463370491776, 15383],
[1463371393438, 12201],
[1463372295154, 10564],
[1463373196863, 9188],
[1463374098641, 8548],
[1463375003041, 7611],
[1463375904919, 7463],
[1463376806673, 6875],
[1463377708487, 6547],
[1463378610376, 3752],
[1463379512463, 3661],
[1463381315946, 3937],
[1463382217705, 4516],
[1463383119615, 4865],
[1463384021334, 4411],
[1463384923122, 4529],
[1463385825354, 4362],
[1463386727056, 4638],
[1463387629909, 4469],
[1463388531703, 4302],
[1463389434278, 4635],
[1463390336186, 4962],
[1463391238112, 5038],
[1463392139850, 5667],
[1463393041624, 5934],
[1463393943443, 6466],
[1463394845281, 6896],
[1463395747286, 6364],
[1463396649615, 5767],
[1463397551543, 5790],
[1463398453447, 6075],
[1463399355062, 5810],
[1463402091325, 4144],
[1463402993014, 4464],
[1463403895439, 5265],
[1463404797602, 5704],
[1463405699312, 6001],
[1463406601091, 6195],
[1463407503380, 5941],
[1463408405120, 6290],
