[1462740884158, 4408],
[1462740937763, 4408],
[1462741039571, 4408],
[1462741853953, 4466],
[1462742305609, 4246],
[1462742315104, 4246],
[1462742621655, 3632],
[1462742950263, 3722],
[1462743323287, 5232],
[1462743332226, 5232],
[1462743606599, 5232],
[1462743622750, 5232],
[1462744949471, 5751],
[1462745195084, 5751],
[1462745261412, 4673],
[1462746163037, 6107],
[1462747064675, 6013],
[1462747969371, 7103],
[1462748871026, 4488],
[1462749772755, 5512],
[1462750674415, 5701],
[1462751576105, 5325],
[1462752477812, 4621],
[1462753380146, 5491],
[1462754281801, 5785],
[1462761496183, 4743],
[1462817319848, 4523],
[1462818221339, 4444],
[1462819122887, 4862],
[1462820024484, 4704],
[1462820925849, 6630],
[1462821827304, 6849],
[1462822728879, 5113],
[1462823630944, 4427],
[1462824532471, 5690],
[1462825434008, 6337],
[1462826335425, 6678],
[1462827237000, 6227],
[1462828138568, 6227],
[1462829040141, 6807],
[1462829941691, 3953],
[1462830843552, 6339],
[1462831745119, 6331],
[1462834449919, 4710],
[1462835351434, 5019],
[1462836252954, 5681],
[1462837154589, 4493],
[1462838056648, 5101],
[1462838958160, 5236],
[1462839859871, 5094],
[1462840761440, 6205],
[1462841663241, 4616],
[1462842564754, 4573],
[1462843466323, 6036],
[1462844367867, 6036],
[1462845269479, 6036],
[1462846171389, 5685],
[1462847082471, 6137],
[1462847983600, 6747],
[1462848888161, 7824],
[1462849789703, 7685],
[1462850691233, 7684],
[1462851592779, 6923],
[1462852494844, 5059],
[1462854298118, 3830],
[1462855199586, 3853],
[1462856101256, 4116],
[1462857002980, 4907],
[1462857904588, 4703],
[1462858806209, 5005],
[1462859707813, 5854],
[1462860609502, 5110],
[1462861511072, 4045],
[1462880492863, 4652],
[1462881395649, 4764],
[1462882297251, 5000],
[1462883198902, 5764],
[1462884103410, 6955],
[1462885005311, 5969],
[1462885911945, 6413],
[1462886812223, 5012],
[1462887713761, 3922],
[1462903943528, 3857],
[1462904845644, 4546],
[1462905747333, 4980],
[1462906650133, 5809],
[1462907552897, 5404],
[1462908466374, 5264],
[1462918388987, 4461],
[1462919290684, 5125],
[1462920193405, 5452],
[1462921095043, 5233],
[1462921996719, 5660],
[1462922898447, 6776],
[1462923800045, 6776],
[1462924702345, 7506],
[1462925604018, 9138],
[1462926505633, 7977],
[1462927407328, 7063],
[1462928309265, 7512],
[1462929210974, 9209],
[1462930112636, 9209],
[1462931014265, 9803],
[1462931915960, 10829],
[1462932817584, 10259],
[1462933719176, 12435],
[1462934620896, 11412],
[1462935523217, 10494],
[1462936424901, 10842],
[1462937326588, 6915],
[1462938228389, 6886],
[1462939130319, 5395],
[1462940032012, 5223],
[1462940933740, 3686],
[1462941835852, 4944],
[1462942737492, 3675],
[1462943639224, 3999],
[1462944540933, 3932],
[1462945442658, 4731],
[1462946344292, 5493],
[1462947246006, 7934],
[1462948147826, 3867],
[1463076763095, 4571],
[1463077664725, 4902],
[1463081271191, 4023],
[1463082172776, 7408],
[1463090288416, 3660],
[1463091204025, 3811],
[1463092104843, 4715],
[1463093006334, 4685],
[1463093907913, 4039],
[1463094809450, 4331],
[1463095711095, 4589],
[1463096612642, 5367],
[1463097514158, 6415],
[1463098415758, 7378],
[1463099317306, 5315],
[1463100218821, 5315],
[1463101120689, 5870],
[1463102022305, 7906],
[1463102923879, 7954],
[1463103825381, 9563],
[1463104727293, 10259],
[1463105628885, 10259],
[1463106530521, 10306],
[1463107432048, 10486],
[1463108333723, 10696],
[1463109235483, 12122],
[1463110137164, 10463],
[1463111038763, 11196],
[1463111941362, 12610],
[1463112843351, 12898],
[1463113745123, 9887],
[1463114646876, 12651],
[1463115549019, 7893],
[1463116450648, 6153],
[1463117352349, 5106],
[1463118253946, 5658],
[1463119156578, 6543],
[1463120058203, 7037],
[1463120959760, 4060],
[1463127297953, 3706],
[1463128199613, 3922],
[1463130003464, 4579],
[1463130905092, 5171],
[1463131806736, 5111],
[1463132708533, 4354],
[1463133609975, 5213],
[1463134511369, 6936],
[1463135412843, 6707],
[1463136314360, 8174],
[1463137215975, 7203],
[1463138117467, 4521],
[1463139018966, 4598],
[1463262226276, 3712],
[1463263127842, 5704],
[1463264029515, 5269],
[1463264931315, 3827],
[1463265832922, 3626],
[1463266734918, 3626],
[1463268538190, 4072],
[1463269439910, 3670],
[1463270341704, 3859],
[1463274853661, 4387],
[1463275755291, 4540],
[1463276657394, 4889],
[1463277559477, 5162],
[1463278464348, 5347],
[1463279366204, 5882],
[1463280267937, 6450],
[1463281169778, 5993],
[1463282071544, 5918],
[1463282976736, 6843],
[1463283878816, 6633],
[1463284780487, 7494],
[1463285682213, 7819],
[1463286583844, 8079],
[1463287485593, 8334],
[1463288387749, 8392],
[1463289289462, 8202],
[1463290191238, 8508],
[1463291092841, 8199],
[1463291994526, 6291],
[1463292896446, 5677],
[1463293798190, 5169],
[1463294699959, 6181],
[1463295601815, 5380],
[1463296503553, 6332],
[1463297405344, 6477],
[1463298307068, 6692],
[1463299209155, 7611],
[1463300110808, 6155],
[1463301012626, 5200],
[1463301914454, 4704],
[1463302816519, 5763],
[1463303718167, 4387],
[1463304619840, 4680],
[1463306423491, 3958],
[1463307325087, 4942],
[1463308226793, 4354],
[1463310963618, 3924],
[1463311865368, 4077],
[1463312767017, 4140],
[1463313668944, 4914],
[1463314570717, 4371],
[1463315472401, 5158],
[1463316374015, 6245],
[1463317276158, 4851],
[1463318177801, 5781],
[1463319080589, 5781],
[1463319982293, 4703],
[1463320884327, 5661],
[1463321786003, 5649],
[1463322687740, 4557],
[1463323589369, 5103],
[1463329901487, 4139],
[1463331705291, 4103],
[1463333508825, 4033],
[1463335312455, 4205],
[1463337116762, 3973],
[1463338018426, 4437],
[1463338920146, 4639],
[1463339822133, 5216],
[1463340723813, 5066],
[1463341625404, 5942],
[1463342530054, 6054],
[1463343431882, 5265],
[1463344333557, 5049],
[1463351550948, 3850],
[1463352452712, 4603],
[1463353354988, 4877],
[1463354256797, 5451],
[1463355158821, 5148],
[1463356060462, 5976],
[1463356962521, 5976],
[1463357864555, 5921],
[1463358766254, 6880],
[1463359668004, 6880],
[1463360570055, 6880],
[1463361472076, 6880],
[1463362373902, 9462],
[1463363276012, 9726],
[1463364178151, 8325],
[1463365081263, 7834],
[1463365983310, 9316],
[1463366884931, 9879],
[1463367786593, 9742],
[1463368688259, 8456],
[1463369590072, 8902],
[1463370491776, 8889],
[1463371393438, 9969],
[1463372295154, 8721],
[1463373196863, 8721],
[1463374098641, 7994],
[1463375003041, 4249],
[1463393041624, 3987],
[1463393943443, 5237],
[1463394845281, 4942],
[1463395747286, 5811],
[1463396649615, 5644],
[1463397551543, 5361],
[1463402091325, 4618],
