[1462740884158, 11959],
[1462740937763, 11776],
[1462741039571, 11476],
[1462741853953, 11530],
[1462742305609, 11058],
[1462742315104, 10978],
[1462742621655, 11068],
[1462742950263, 11408],
[1462743323287, 10580],
[1462743332226, 10789],
[1462743606599, 11324],
[1462743622750, 11424],
[1462744949471, 11397],
[1462745195084, 11487],
[1462745261412, 11301],
[1462746163037, 11194],
[1462747064675, 10976],
[1462747969371, 11697],
[1462748871026, 11332],
[1462749772755, 11411],
[1462750674415, 11797],
[1462751576105, 11855],
[1462752477812, 11740],
[1462753380146, 12734],
[1462754281801, 12182],
[1462755183925, 12709],
[1462756085683, 13024],
[1462756987895, 12702],
[1462757889486, 13437],
[1462758791146, 13921],
[1462759692808, 13944],
[1462760594488, 13747],
[1462808274861, 5037],
[1462809177063, 5690],
[1462810078608, 5240],
[1462810980159, 4733],
[1462811881857, 4394],
[1462812783565, 4267],
[1462813685179, 4068],
[1462814586685, 4108],
[1462815488292, 4272],
[1462816418497, 4309],
[1462820925849, 3731],
[1462821827304, 4590],
[1462822728879, 4916],
[1462823630944, 5155],
[1462824532471, 5666],
[1462825434008, 5961],
[1462826335425, 6178],
[1462827237000, 6592],
[1462828138568, 6874],
[1462829040141, 7024],
[1462829941691, 7082],
[1462830843552, 7154],
[1462831745119, 7193],
[1462832646728, 6431],
[1462833548414, 6248],
[1462834449919, 6986],
[1462835351434, 7465],
[1462836252954, 7723],
[1462837154589, 7843],
[1462838056648, 8420],
[1462838958160, 8662],
[1462839859871, 9309],
[1462840761440, 10051],
[1462841663241, 10803],
[1462842564754, 10727],
[1462843466323, 11436],
[1462844367867, 11497],
[1462845269479, 11662],
[1462846171389, 11842],
[1462847082471, 12297],
[1462847983600, 12033],
[1462848888161, 11866],
[1462849789703, 11974],
[1462850691233, 11273],
[1462851592779, 11341],
[1462852494844, 10341],
[1462853396483, 10248],
[1462854298118, 9865],
[1462855199586, 9042],
[1462856101256, 8306],
[1462857002980, 7812],
[1462857904588, 7093],
[1462858806209, 6186],
[1462859707813, 4664],
[1462866961598, 3658],
[1462867863282, 3725],
[1462873279624, 3797],
[1462874181625, 3984],
[1462875083155, 4060],
[1462875984732, 4710],
[1462876886376, 5544],
[1462877788054, 5854],
[1462878689682, 6230],
[1462879591311, 6356],
[1462880492863, 6534],
[1462881395649, 6237],
[1462882297251, 3707],
[1462883198902, 4101],
[1462884103410, 4580],
[1462885005311, 5024],
[1462885906797, 6120],
[1462886812223, 6234],
[1462887713761, 7006],
[1462888615297, 7634],
[1462889516984, 7046],
[1462890418717, 6811],
[1462891320432, 7053],
[1462892222009, 6853],
[1462893123579, 6661],
[1462894025332, 7164],
[1462894927011, 7271],
[1462895829245, 7026],
[1462896730917, 7099],
[1462897632371, 7103],
[1462898533938, 6945],
[1462899435509, 6718],
[1462900337091, 6635],
[1462901238669, 6419],
[1462902140320, 6553],
[1462903042000, 5917],
[1462903943528, 3640],
[1462904845644, 3696],
[1462905747333, 3948],
[1462906650133, 4250],
[1462907552897, 5414],
[1462908466374, 5106],
[1462909367651, 4203],
[1462910270456, 4548],
[1462911173603, 4700],
[1462912075207, 4667],
[1462912976848, 5098],
[1462913878584, 5729],
[1462914780213, 5439],
[1462915682344, 5271],
[1462916585011, 5361],
[1462917487273, 5713],
[1462918388987, 5318],
[1462919290684, 5792],
[1462920193405, 6111],
[1462921095043, 6909],
[1462921996719, 6943],
[1462922898447, 7038],
[1462923800045, 7624],
[1462924702345, 8435],
[1462925604018, 8812],
[1462926505633, 8983],
[1462927407328, 9556],
[1462928309265, 9624],
[1462929210974, 9494],
[1462930112636, 10128],
[1462931014265, 10305],
[1462931915960, 11128],
[1462932817584, 11162],
[1462933719176, 11094],
[1462934620896, 11333],
[1462935523217, 11699],
[1462936424901, 11280],
[1462937326588, 10748],
[1462938228389, 10534],
[1462939130319, 10324],
[1462940032012, 9707],
[1462940933740, 8992],
[1462941835852, 8560],
[1462942737492, 7687],
[1462943639224, 7184],
[1462944540933, 6334],
[1462945442658, 5538],
[1462946344292, 3719],
[1463071353132, 4267],
[1463072255191, 4084],
[1463073156752, 4307],
[1463074058429, 4341],
[1463074959883, 4294],
[1463075861534, 3877],
[1463080369566, 3991],
[1463081271191, 4686],
[1463082172776, 5317],
[1463083074995, 5332],
[1463083976563, 5371],
[1463084878051, 5731],
[1463085779381, 6342],
[1463086681699, 6155],
[1463087583380, 6622],
[1463088485267, 7494],
[1463089386833, 7482],
[1463090288416, 6543],
[1463091190075, 7717],
[1463092104843, 6984],
[1463093006334, 7484],
[1463093907913, 7082],
[1463094809450, 6985],
[1463095711095, 7203],
[1463096612642, 7953],
[1463097514158, 7928],
[1463098415758, 7874],
[1463099317306, 8427],
[1463100218821, 8761],
[1463101120689, 8959],
[1463102022305, 9310],
[1463102923879, 9935],
[1463103825381, 10423],
[1463104727293, 10855],
[1463105628885, 11345],
[1463106530521, 10997],
[1463107432048, 11853],
[1463108333723, 12463],
[1463109235483, 11888],
[1463110137164, 11483],
[1463111038763, 11127],
[1463111941362, 10615],
[1463112843351, 9508],
[1463113745123, 8353],
[1463114646876, 7872],
[1463115549019, 7052],
[1463116450648, 6588],
[1463117352349, 5926],
[1463118253946, 5276],
[1463126396372, 3710],
[1463127297953, 4033],
[1463128199613, 4184],
[1463129101163, 4310],
[1463130003464, 4580],
[1463130905092, 4829],
[1463131806736, 4942],
[1463132708533, 5058],
[1463133609975, 5805],
[1463134511369, 5791],
[1463135412843, 7113],
[1463136314360, 7721],
[1463137215975, 8098],
[1463138117467, 8254],
[1463139018966, 8110],
[1463244189971, 6620],
[1463245092343, 6290],
[1463245994312, 5748],
[1463246896170, 5756],
[1463247797920, 5523],
[1463248699672, 4496],
[1463252306905, 3851],
[1463253208993, 5027],
[1463254110652, 5611],
[1463255012225, 6162],
[1463255914253, 6637],
[1463256815884, 7352],
[1463257717649, 7397],
[1463258619285, 7494],
[1463259521224, 7879],
[1463260422803, 7905],
[1463261324573, 8099],
[1463262226276, 8541],
[1463263127842, 8841],
[1463264029515, 8410],
[1463264931315, 8542],
[1463265832922, 9199],
[1463266734918, 9494],
[1463267636606, 9925],
[1463268538190, 10089],
[1463269439910, 10249],
[1463270341704, 10825],
[1463271246387, 11180],
[1463272148063, 10940],
[1463273049973, 10596],
[1463273951926, 10376],
[1463274853661, 10718],
[1463275755291, 10887],
[1463276657394, 11137],
[1463277559477, 11295],
[1463278464348, 11350],
[1463279366204, 11083],
[1463280267937, 10775],
[1463281169778, 10723],
[1463282071544, 10718],
[1463282976736, 10331],
[1463283878816, 10343],
[1463284780487, 9713],
[1463285682213, 9339],
[1463286583844, 8685],
[1463287485593, 8636],
[1463288387749, 8406],
[1463289289462, 7955],
[1463290191238, 7631],
[1463291092841, 6775],
[1463291994526, 5013],
[1463293798190, 4295],
[1463294699959, 5333],
[1463295601815, 6053],
[1463296503553, 6632],
[1463310963618, 4758],
[1463326294380, 3668],
[1463338920146, 3810],
[1463339822133, 4012],
[1463340723813, 3999],
[1463341625404, 4194],
[1463343431882, 3645],
[1463344333557, 3828],
[1463345235278, 4314],
[1463346137454, 4375],
[1463347039207, 4376],
[1463347940913, 4470],
[1463348842574, 4452],
[1463349744282, 4448],
[1463350649268, 4577],
[1463351550948, 4721],
[1463352452712, 5007],
[1463353354988, 5149],
[1463354256797, 5203],
[1463355158821, 5330],
[1463356060462, 5786],
[1463356962521, 6424],
[1463357864555, 7018],
[1463358766254, 7239],
[1463359668004, 7525],
[1463360570055, 7799],
[1463361472076, 7919],
[1463362373902, 8285],
[1463363276012, 8705],
[1463364178151, 8526],
[1463365081263, 8379],
[1463365983310, 8782],
[1463366884931, 8661],
[1463367786593, 8442],
[1463368688259, 8743],
[1463369590072, 8361],
[1463370491776, 8183],
[1463371393438, 8292],
[1463372295154, 7693],
[1463373196863, 7492],
[1463374098641, 7173],
[1463375003041, 6262],
[1463375904919, 5991],
[1463376806673, 5695],
[1463377708487, 5133],
[1463395747286, 4025],
[1463396649615, 4325],
[1463405699312, 3815],
[1463406601091, 4064],
[1463407503380, 4442],
[1463408405120, 4236],
