[1462740884158, 9979],
[1462740937763, 10434],
[1462741039571, 10871],
[1462741853953, 8901],
[1462742305609, 9648],
[1462742315104, 9648],
[1462742621655, 9824],
[1462742950263, 9843],
[1462743323287, 9693],
[1462743332226, 9763],
[1462743606599, 9905],
[1462743622750, 9905],
[1462744949471, 10609],
[1462745195084, 10386],
[1462745261412, 10386],
[1462746163037, 12834],
[1462747064675, 12122],
[1462747969371, 13087],
[1462748871026, 15916],
[1462749772755, 15904],
[1462750674415, 16053],
[1462751576105, 17215],
[1462752477812, 17792],
[1462753380146, 20659],
[1462754281801, 16725],
[1462755183925, 18390],
[1462756085683, 18640],
[1462756987895, 18397],
[1462757889486, 23023],
[1462758791146, 22480],
[1462759692808, 24083],
[1462760594488, 24833],
[1462761496183, 24574],
[1462762397943, 23906],
[1462763299785, 22172],
[1462764202517, 22378],
[1462765104160, 23196],
[1462766005827, 21830],
[1462766907461, 20025],
[1462767809200, 17487],
[1462768710824, 12567],
[1462769612557, 11380],
[1462770514516, 10163],
[1462771416973, 7047],
[1462772318888, 6158],
[1462773220565, 5046],
[1462774122164, 3658],
[1462775041069, 4042],
[1462775942630, 4582],
[1462776865136, 5003],
[1462777766542, 5218],
[1462778668231, 5721],
[1462779569997, 6060],
[1462780471745, 6267],
[1462781404733, 6674],
[1462782306051, 6983],
[1462783207848, 7119],
[1462784109540, 7422],
[1462785011334, 6843],
[1462785913636, 6457],
[1462786815424, 6523],
[1462787717008, 6747],
[1462788618789, 6716],
[1462789520636, 6384],
[1462809177063, 3704],
[1462810078608, 4802],
[1462810980159, 4204],
[1462812783565, 3908],
[1462815488292, 3798],
[1462823630944, 3653],
[1462824532471, 4216],
[1462825434008, 4107],
[1462826335425, 4598],
[1462827237000, 4279],
[1462828138568, 4208],
[1462829040141, 4271],
[1462829941691, 4242],
[1462830843552, 4144],
[1462831745119, 3670],
[1462833548414, 4066],
[1462834449919, 3886],
[1462835351434, 4268],
[1462836252954, 4686],
[1462837154589, 3776],
[1462838056648, 4407],
[1462838958160, 5428],
[1462839859871, 5400],
[1462840761440, 5123],
[1462841663241, 5947],
[1462842564754, 6631],
[1462843466323, 6990],
[1462844367867, 7489],
[1462845269479, 8724],
[1462846171389, 8235],
[1462847082471, 8846],
[1462847983600, 8392],
[1462848888161, 8915],
[1462849789703, 9989],
[1462850691233, 10741],
[1462851592779, 10808],
[1462852494844, 11419],
[1462853396483, 10901],
[1462854298118, 9512],
[1462855199586, 8773],
[1462856101256, 11277],
[1462857002980, 9520],
[1462857904588, 9105],
[1462858806209, 7797],
[1462859707813, 4517],
[1462861511072, 3799],
[1462867863282, 3609],
[1462868765374, 3935],
[1462869666975, 4362],
[1462870568622, 3809],
[1462871476947, 3761],
[1462872377709, 4067],
[1462873279624, 4284],
[1462874181625, 4669],
[1462875083155, 4533],
[1462875984732, 4696],
[1462876886376, 5273],
[1462877788054, 4821],
[1462878689682, 5124],
[1462879591311, 5564],
[1462880492863, 5675],
[1462881395649, 5355],
[1462882297251, 4262],
[1462883198902, 4437],
[1462884103410, 5038],
[1462885005311, 5427],
[1462885906797, 7086],
[1462886812223, 8125],
[1462887713761, 9465],
[1462888615297, 10064],
[1462889516984, 11028],
[1462890418717, 9663],
[1462891320432, 8578],
[1462892222009, 8757],
[1462893123579, 8228],
[1462894025332, 8272],
[1462894927011, 7551],
[1462895829245, 7145],
[1462896730917, 6573],
[1462897632371, 5862],
[1462898533938, 5739],
[1462899435509, 5444],
[1462900337091, 5661],
[1462901238669, 6033],
[1462902140320, 6353],
[1462903042000, 6780],
[1462903943528, 6525],
[1462904845644, 6819],
[1462905747333, 6841],
[1462906650133, 7189],
[1462907552897, 6259],
[1462908466374, 6476],
[1462909367651, 6765],
[1462910270456, 5460],
[1462911173603, 5717],
[1462912075207, 6338],
[1462912976848, 6910],
[1462913878584, 7326],
[1462914780213, 7876],
[1462915682344, 8055],
[1462916585011, 8564],
[1462917487273, 8630],
[1462918388987, 8245],
[1462919290684, 8226],
[1462920193405, 8458],
[1462921095043, 8590],
[1462921996719, 9908],
[1462922898447, 11065],
[1462923800045, 11955],
[1462924702345, 12997],
[1462925604018, 14728],
[1462926505633, 13700],
[1462927407328, 14597],
[1462928309265, 15773],
[1462929210974, 15388],
[1462930112636, 15579],
[1462931014265, 16563],
[1462931915960, 16988],
[1462932817584, 16349],
[1462933719176, 15926],
[1462934620896, 15651],
[1462935523217, 15949],
[1462936424901, 17594],
[1462937326588, 15544],
[1462938228389, 17397],
[1462939130319, 18614],
[1462940032012, 15915],
[1462940933740, 13672],
[1462941835852, 13241],
[1462942737492, 13284],
[1462943639224, 12289],
[1462944540933, 10484],
[1462945442658, 9705],
[1462946344292, 8189],
[1462947246006, 6448],
[1462948147826, 6712],
[1462949049504, 6930],
[1463073156752, 3628],
[1463074058429, 4114],
[1463074959883, 4585],
[1463075861534, 4855],
[1463076763095, 4332],
[1463077664725, 4354],
[1463078566259, 4393],
[1463079467981, 4519],
[1463080369566, 4274],
[1463081271191, 4299],
[1463082172776, 4606],
[1463083074995, 4999],
[1463083976563, 5444],
[1463084878051, 5498],
[1463085779381, 6164],
[1463086681699, 6655],
[1463087583380, 7224],
[1463088485267, 7571],
[1463089386833, 8070],
[1463090288416, 8254],
[1463091204025, 8522],
[1463092104843, 8832],
[1463093006334, 8649],
[1463093907913, 8801],
[1463094809450, 10045],
[1463095711095, 10283],
[1463096612642, 11728],
[1463097514158, 11020],
[1463098415758, 12310],
[1463099317306, 13979],
[1463100218821, 14239],
[1463101120689, 16361],
[1463102022305, 15636],
[1463102923879, 15832],
[1463103825381, 16916],
[1463104727293, 15652],
[1463105628885, 14683],
[1463106530521, 15064],
[1463107432048, 13429],
[1463108333723, 12769],
[1463109235483, 14149],
[1463110137164, 14284],
[1463111038763, 12096],
[1463111941362, 11473],
[1463112843351, 11621],
[1463113745123, 9401],
[1463114646876, 8703],
[1463115549019, 8216],
[1463116450648, 5987],
[1463117352349, 4901],
[1463118253946, 3935],
[1463119156578, 3664],
[1463120959760, 3669],
[1463121888181, 3983],
[1463122789637, 4101],
[1463123691220, 4315],
[1463124592800, 4629],
[1463125494303, 5132],
[1463126396372, 5452],
[1463127297953, 5845],
[1463128199613, 5878],
[1463129101163, 6118],
[1463130003464, 6170],
[1463130905092, 5668],
[1463131806736, 5886],
[1463132708533, 5913],
[1463133609975, 6042],
[1463134511369, 6167],
[1463135412843, 6364],
[1463136314360, 7272],
[1463137215975, 8675],
[1463138117467, 7487],
[1463139018966, 7454],
[1463244189971, 11932],
[1463245092343, 11729],
[1463245994312, 11062],
[1463246896170, 9833],
[1463247797920, 11717],
[1463248699672, 10696],
[1463249601469, 7554],
[1463250503031, 7538],
[1463251404841, 11832],
[1463252306905, 12152],
[1463254110652, 11456],
[1463255012225, 5616],
[1463255914253, 4615],
[1463256815884, 4482],
[1463257717649, 4297],
[1463258619285, 4329],
[1463259521224, 4543],
[1463260422803, 4497],
[1463261324573, 4720],
[1463262226276, 3929],
[1463263127842, 4397],
[1463264029515, 4718],
[1463264931315, 5789],
[1463265832922, 6779],
[1463266734918, 6789],
[1463267636606, 7430],
[1463268538190, 8079],
[1463269439910, 8699],
[1463270341704, 9290],
[1463271246387, 9485],
[1463272148063, 10617],
[1463273049973, 10074],
[1463273951926, 10184],
[1463274853661, 10068],
[1463275755291, 9676],
[1463276657394, 11355],
[1463277559477, 11510],
[1463278464348, 10637],
[1463279366204, 12564],
[1463280267937, 12137],
[1463281169778, 13770],
[1463282071544, 12806],
[1463282976736, 14021],
[1463283878816, 12212],
[1463284780487, 14245],
[1463285682213, 14489],
[1463286583844, 15181],
[1463287485593, 11623],
[1463288387749, 10275],
[1463289289462, 8338],
[1463290191238, 8157],
[1463301012626, 7869],
[1463338920146, 3736],
[1463339822133, 4717],
[1463340723813, 4507],
[1463341625404, 4425],
[1463342530054, 4489],
[1463343431882, 4648],
[1463344333557, 4635],
[1463345235278, 4499],
[1463346137454, 4869],
[1463347039207, 4810],
[1463347940913, 5150],
[1463348842574, 4721],
[1463349744282, 4660],
[1463350649268, 6284],
[1463351550948, 7084],
[1463352452712, 8207],
[1463353354988, 9576],
[1463354256797, 8901],
[1463355158821, 8802],
[1463356060462, 9394],
[1463356962521, 10224],
[1463357864555, 11211],
[1463358766254, 10420],
[1463359668004, 11767],
[1463360570055, 12359],
[1463361472076, 12474],
[1463362373902, 12912],
[1463363276012, 11162],
[1463364178151, 10898],
[1463365081263, 10691],
[1463365983310, 11302],
[1463366884931, 11194],
[1463367786593, 11019],
[1463368688259, 10994],
[1463369590072, 12806],
[1463370491776, 12580],
[1463371393438, 12185],
[1463372295154, 10453],
[1463373196863, 9256],
[1463374098641, 8202],
[1463375003041, 7831],
[1463375904919, 6688],
[1463376806673, 6321],
[1463377708487, 5197],
[1463381315946, 3917],
[1463382217705, 4248],
[1463383119615, 4834],
[1463384021334, 5260],
[1463384923122, 5849],
[1463385825354, 6142],
[1463386727056, 6565],
[1463387629909, 6767],
[1463388531703, 6992],
[1463389434278, 6887],
[1463390336186, 6932],
[1463391238112, 7056],
[1463392139850, 7196],
[1463393041624, 7207],
[1463393943443, 7177],
[1463394845281, 7395],
[1463395747286, 7398],
[1463396649615, 7059],
[1463397551543, 6487],
[1463398453447, 6969],
[1463399355062, 6478],
[1463400272236, 4914],
[1463401189950, 4625],
[1463402091325, 4949],
[1463402993014, 4987],
[1463403895439, 7055],
[1463404797602, 7153],
[1463405699312, 7622],
