[1462740884158, 5733],
[1462740937763, 5781],
[1462741039571, 5744],
[1462741853953, 5875],
[1462742305609, 6038],
[1462742315104, 6041],
[1462742621655, 6104],
[1462742950263, 6234],
[1462743323287, 6350],
[1462743332226, 6365],
[1462743606599, 6494],
[1462743622750, 6492],
[1462744949471, 7067],
[1462745195084, 7142],
[1462745261412, 7156],
[1462746163037, 7580],
[1462747064675, 8509],
[1462747969371, 8999],
[1462748871026, 9371],
[1462749772755, 9774],
[1462750674415, 10047],
[1462751576105, 10568],
[1462752477812, 11029],
[1462753380146, 11212],
[1462754281801, 11674],
[1462755183925, 12003],
[1462756085683, 12495],
[1462756987895, 13416],
[1462757889486, 13567],
[1462758791146, 13932],
[1462759692808, 14245],
[1462760594488, 14247],
[1462779569997, 13411],
[1462780471745, 3898],
[1462808274861, 6283],
[1462809177063, 6284],
[1462810078608, 6224],
[1462810980159, 6332],
[1462811881857, 5933],
[1462812783565, 5637],
[1462813685179, 5636],
[1462814586685, 5045],
[1462815488292, 4380],
[1462821827304, 4200],
[1462822728879, 4529],
[1462823630944, 4907],
[1462824532471, 4398],
[1462825434008, 4487],
[1462826335425, 4483],
[1462827237000, 4515],
[1462828138568, 4643],
[1462829040141, 4790],
[1462829941691, 5004],
[1462830843552, 5422],
[1462831745119, 6747],
[1462832646728, 6717],
[1462833548414, 7093],
[1462834449919, 7447],
[1462835351434, 7867],
[1462836252954, 8094],
[1462837154589, 8499],
[1462838056648, 8844],
[1462838958160, 9064],
[1462839859871, 9160],
[1462840761440, 9747],
[1462841663241, 10057],
[1462842564754, 10365],
[1462843466323, 10555],
[1462844367867, 10557],
[1462845269479, 10795],
[1462846171389, 11101],
[1462847082471, 11255],
[1462847983600, 11587],
[1462848888161, 11318],
[1462849789703, 11364],
[1462850691233, 11206],
[1462851592779, 10839],
[1462852494844, 10193],
[1462853396483, 9497],
[1462854298118, 8687],
[1462855199586, 8236],
[1462856101256, 7966],
[1462857002980, 8021],
[1462857904588, 8007],
[1462858806209, 7489],
[1462859707813, 6293],
[1462860609502, 3941],
[1462861511072, 4224],
[1462862426119, 4775],
[1462863354727, 5231],
[1462864256139, 5265],
[1462865157702, 5693],
[1462866059585, 6167],
[1462866961598, 5983],
[1462867863282, 5767],
[1462877788054, 4431],
[1462878689682, 4489],
[1462879591311, 4685],
[1462880492863, 4925],
[1462881395649, 4647],
[1462885005311, 3991],
[1462885906797, 5284],
[1462886812223, 5967],
[1462887713761, 6458],
[1462888615297, 6864],
[1462889516984, 7206],
[1462890418717, 7327],
[1462891320432, 7667],
[1462892222009, 7747],
[1462893123579, 7711],
[1462894025332, 7879],
[1462894927011, 7957],
[1462895829245, 8109],
[1462896730917, 7961],
[1462897632371, 7490],
[1462898533938, 6620],
[1462899435509, 6209],
[1462900337091, 6271],
[1462901238669, 5943],
[1462902140320, 4600],
[1462907552897, 4470],
[1462909367651, 4231],
[1462910270456, 4793],
[1462911173603, 4596],
[1462912075207, 5206],
[1462912976848, 5057],
[1462913878584, 5187],
[1462914780213, 5430],
[1462915682344, 5501],
[1462916585011, 5552],
[1462917487273, 6125],
[1462918388987, 6656],
[1462919290684, 7322],
[1462920193405, 7713],
[1462921095043, 8195],
[1462921996719, 8208],
[1462922898447, 8680],
[1462923800045, 8862],
[1462924702345, 9349],
[1462925604018, 9413],
[1462926505633, 9477],
[1462927407328, 9576],
[1462928309265, 9852],
[1462929210974, 10268],
[1462930112636, 10716],
[1462931014265, 11104],
[1462931915960, 11001],
[1462932817584, 10775],
[1462933719176, 10962],
[1462934620896, 10921],
[1462935523217, 10435],
[1462936424901, 10723],
[1462937326588, 10253],
[1462938228389, 10416],
[1462939130319, 10015],
[1462940032012, 10052],
[1462940933740, 8994],
[1462941835852, 8774],
[1462942737492, 8657],
[1462943639224, 8300],
[1462944540933, 8158],
[1462945442658, 7642],
[1462946344292, 5543],
[1462947246006, 4103],
[1462948147826, 4761],
[1462949049504, 4835],
[1462951754721, 3632],
[1463071353132, 7054],
[1463072255191, 6529],
[1463073156752, 6283],
[1463074058429, 5090],
[1463074959883, 4116],
[1463080369566, 3852],
[1463081271191, 4699],
[1463082172776, 5592],
[1463083074995, 5791],
[1463083976563, 5750],
[1463084878051, 6477],
[1463085779381, 6802],
[1463086681699, 6973],
[1463087583380, 7276],
[1463088485267, 7274],
[1463089386833, 7211],
[1463090288416, 6915],
[1463091190075, 6748],
[1463092104843, 6301],
[1463093006334, 6294],
[1463093907913, 6391],
[1463094809450, 6512],
[1463095711095, 6815],
[1463096612642, 7110],
[1463097514158, 7808],
[1463098415758, 9082],
[1463099317306, 9739],
[1463100218821, 10511],
[1463101120689, 11423],
[1463102022305, 12071],
[1463102923879, 12191],
[1463103825381, 12359],
[1463104727293, 12010],
[1463105628885, 11788],
[1463106530521, 11644],
[1463107432048, 11719],
[1463108333723, 11778],
[1463109235483, 11257],
[1463110137164, 11353],
[1463111038763, 10946],
[1463111941362, 10127],
[1463112843351, 9570],
[1463113745123, 8852],
[1463114646876, 8275],
[1463115549019, 8160],
[1463116450648, 8147],
[1463117352349, 7978],
[1463118253946, 7152],
[1463119156578, 5152],
[1463120959760, 4201],
[1463121888181, 4166],
[1463122789637, 4616],
[1463123691220, 4876],
[1463124592800, 5016],
[1463125494303, 5282],
[1463126396372, 5830],
[1463127297953, 5948],
[1463128199613, 5636],
[1463129101163, 4977],
[1463130003464, 4191],
[1463136314360, 3826],
[1463137215975, 4596],
[1463138117467, 5117],
[1463139018966, 5399],
[1463244189971, 8523],
[1463245092343, 8590],
[1463245994312, 8311],
[1463246896170, 8039],
[1463247797920, 7800],
[1463248699672, 5421],
[1463249601469, 4600],
[1463250503031, 5615],
[1463251404841, 6503],
[1463252306905, 7782],
[1463253208993, 7581],
[1463254110652, 7912],
[1463255012225, 7928],
[1463255914253, 8304],
[1463256815884, 8305],
[1463257717649, 8582],
[1463258619285, 9240],
[1463259521224, 9286],
[1463260422803, 9485],
[1463261324573, 9566],
[1463262226276, 9526],
[1463263127842, 9685],
[1463264029515, 10260],
[1463264931315, 10454],
[1463265832922, 9881],
[1463266734918, 10827],
[1463267636606, 11423],
[1463268538190, 12385],
[1463269439910, 12776],
[1463270341704, 12523],
[1463271246387, 13100],
[1463272148063, 13240],
[1463273049973, 13288],
[1463273951926, 13524],
[1463274853661, 12625],
[1463275755291, 13858],
[1463276657394, 14243],
[1463277559477, 14653],
[1463278464348, 15700],
[1463279366204, 14635],
[1463280267937, 15054],
[1463281169778, 15140],
[1463282071544, 13966],
[1463282976736, 13367],
[1463283878816, 13097],
[1463284780487, 13195],
[1463285682213, 12283],
[1463286583844, 12053],
[1463287485593, 10950],
[1463288387749, 10897],
[1463289289462, 9615],
[1463290191238, 9579],
[1463291092841, 8688],
[1463291994526, 5692],
[1463292896446, 5226],
[1463293798190, 6589],
[1463294699959, 7675],
[1463295601815, 8974],
[1463296503553, 9442],
[1463310963618, 7436],
[1463311865368, 6740],
[1463312767017, 5781],
[1463316374015, 5886],
[1463317276158, 5613],
[1463318177801, 5715],
[1463319080589, 6123],
[1463319982293, 5254],
[1463320884327, 4947],
[1463321786003, 4996],
[1463322687740, 4929],
[1463323589369, 5318],
[1463324491044, 5176],
[1463325392703, 5122],
[1463326294380, 5001],
[1463328098196, 4794],
[1463328999846, 5354],
[1463329901487, 5411],
[1463330803255, 5536],
[1463331705291, 5289],
[1463332607046, 5395],
[1463333508825, 5271],
[1463348842574, 3714],
[1463349744282, 4298],
[1463350649268, 4902],
[1463351550948, 5433],
[1463352452712, 5795],
[1463353354988, 6164],
[1463354256797, 6586],
[1463355158821, 7089],
[1463356060462, 7466],
[1463356962521, 7909],
[1463357864555, 8061],
[1463358766254, 8233],
[1463359668004, 8624],
[1463360570055, 8682],
[1463361472076, 9423],
[1463362373902, 10021],
[1463363276012, 10344],
[1463364178151, 10693],
[1463365081263, 10932],
[1463365983310, 10882],
[1463366884931, 11564],
[1463367786593, 11647],
[1463368688259, 11878],
[1463369590072, 12320],
[1463370491776, 11645],
[1463371393438, 10576],
[1463372295154, 10249],
[1463373196863, 9559],
[1463374098641, 9026],
[1463375003041, 8836],
[1463375904919, 8092],
[1463376806673, 7525],
[1463377708487, 7001],
[1463378610376, 4214],
[1463379512463, 4004],
[1463380414186, 4487],
[1463381315946, 4354],
[1463382217705, 4855],
[1463383119615, 4592],
[1463384021334, 4994],
[1463384923122, 5073],
[1463385825354, 5331],
[1463405699312, 3647],
[1463406601091, 3963],
[1463407503380, 4172],
[1463408405120, 4856],
