[1462740884158, 17252],
[1462740937763, 16765],
[1462741039571, 17080],
[1462741853953, 17577],
[1462742305609, 17536],
[1462742315104, 17536],
[1462742621655, 16904],
[1462742950263, 16262],
[1462743323287, 14605],
[1462743332226, 14605],
[1462743606599, 15059],
[1462743622750, 15224],
[1462744949471, 14165],
[1462745195084, 14924],
[1462745261412, 15379],
[1462746163037, 13895],
[1462747064675, 13479],
[1462747969371, 13270],
[1462748871026, 11383],
[1462749772755, 10164],
[1462750674415, 10140],
[1462751576105, 10895],
[1462752477812, 11387],
[1462753380146, 11907],
[1462754281801, 11907],
[1462755183925, 12720],
[1462756085683, 13194],
[1462756987895, 14100],
[1462757889486, 14460],
[1462758791146, 16035],
[1462759692808, 22402],
[1462760594488, 28884],
[1462761496183, 34506],
[1462762397943, 35803],
[1462763299785, 36699],
[1462764202517, 37327],
[1462765104160, 38586],
[1462766005827, 38798],
[1462766907461, 30602],
[1462767809200, 29202],
[1462768710824, 27583],
[1462769612557, 23711],
[1462770514516, 22433],
[1462771416973, 19294],
[1462772318888, 15157],
[1462773220565, 10719],
[1462774122164, 6522],
[1462775041069, 5240],
[1462775942630, 5314],
[1462776865136, 5450],
[1462777766542, 5181],
[1462778668231, 5409],
[1462779569997, 4905],
[1462780471745, 5124],
[1462781404733, 5496],
[1462782306051, 5553],
[1462783207848, 5463],
[1462784109540, 5705],
[1462785011334, 5968],
[1462785913636, 5888],
[1462786815424, 5856],
[1462787717008, 6112],
[1462788618789, 7742],
[1462789520636, 9027],
[1462790422326, 10679],
[1462791323949, 11700],
[1462792225675, 12109],
[1462793127298, 13366],
[1462808274861, 15113],
[1462809177063, 14296],
[1462810078608, 13787],
[1462810980159, 13506],
[1462811881857, 12171],
[1462812783565, 11236],
[1462813685179, 8506],
[1462814586685, 7066],
[1462815488292, 5436],
[1462816418497, 5185],
[1462817319848, 9159],
[1462818221339, 12680],
[1462819122887, 13254],
[1462820024484, 11213],
[1462820925849, 10574],
[1462821827304, 11895],
[1462822728879, 11798],
[1462823630944, 11613],
[1462824532471, 11838],
[1462825434008, 12559],
[1462826335425, 13888],
[1462827237000, 13722],
[1462828138568, 15000],
[1462829040141, 13952],
[1462829941691, 13672],
[1462830843552, 12092],
[1462831745119, 14160],
[1462832646728, 15466],
[1462873279624, 3809],
[1462874181625, 4049],
[1462875083155, 4480],
[1462875984732, 4815],
[1462876886376, 5781],
[1462877788054, 6154],
[1462878689682, 6584],
[1462879591311, 7215],
[1462880492863, 7311],
[1462881395649, 7400],
[1462882297251, 8240],
[1462883198902, 7342],
[1462884103410, 7607],
[1462885005311, 6812],
[1462885906797, 4899],
[1462886812223, 5137],
[1462887713761, 6525],
[1462888615297, 7407],
[1462889516984, 7537],
[1462890418717, 6427],
[1462891320432, 6528],
[1462892222009, 6763],
[1462893123579, 7826],
[1462894025332, 8309],
[1462894927011, 8219],
[1462895829245, 7664],
[1462896730917, 8144],
[1462897632371, 6134],
[1462898533938, 5844],
[1462899435509, 5417],
[1462900337091, 4156],
[1462901238669, 4120],
[1462903943528, 5085],
[1462904845644, 5927],
[1462905747333, 6695],
[1462906650133, 6736],
[1462907552897, 7128],
[1462908466374, 7857],
[1462909367651, 7799],
[1462910270456, 8478],
[1462911173603, 7647],
[1462912075207, 8494],
[1462912976848, 8044],
[1462913878584, 7999],
[1462914780213, 6353],
[1462915682344, 5337],
[1462916585011, 5018],
[1462917487273, 5284],
[1462918388987, 5220],
[1462919290684, 5424],
[1462920193405, 5860],
[1462921095043, 5938],
[1462921996719, 6474],
[1462922898447, 7123],
[1462923800045, 7797],
[1462924702345, 8165],
[1462925604018, 8938],
[1462926505633, 9400],
[1462927407328, 10242],
[1462928309265, 11811],
[1462929210974, 13419],
[1462930112636, 14074],
[1462931014265, 14701],
[1462931915960, 15442],
[1462932817584, 16578],
[1462933719176, 17576],
[1462934620896, 17794],
[1462935523217, 18620],
[1462936424901, 19317],
[1462937326588, 20576],
[1462938228389, 19970],
[1462939130319, 21009],
[1462940032012, 21530],
[1462940933740, 21063],
[1462941835852, 19914],
[1462942737492, 18948],
[1462943639224, 20077],
[1462944540933, 18109],
[1462945442658, 14984],
[1462946344292, 10032],
[1462947246006, 5956],
[1462948147826, 4795],
[1462949049504, 5291],
[1462949951326, 5579],
[1462950853049, 5749],
[1462951754721, 5568],
[1463071353132, 9417],
[1463072255191, 8327],
[1463073156752, 6104],
[1463074058429, 5515],
[1463074959883, 4377],
[1463075861534, 4429],
[1463076763095, 7288],
[1463077664725, 9357],
[1463078566259, 9739],
[1463079467981, 10763],
[1463080369566, 10902],
[1463081271191, 11690],
[1463093006334, 3635],
[1463093907913, 3936],
[1463094809450, 4350],
[1463095711095, 4682],
[1463096612642, 5076],
[1463097514158, 5743],
[1463098415758, 6072],
[1463099317306, 6728],
[1463100218821, 8070],
[1463101120689, 8503],
[1463102022305, 9022],
[1463102923879, 9942],
[1463103825381, 10276],
[1463104727293, 11202],
[1463105628885, 11759],
[1463106530521, 12679],
[1463107432048, 13973],
[1463108333723, 13597],
[1463109235483, 12839],
[1463110137164, 13740],
[1463111038763, 13306],
[1463111941362, 14050],
[1463112843351, 15486],
[1463113745123, 14838],
[1463114646876, 12807],
[1463115549019, 13360],
[1463116450648, 12599],
[1463117352349, 10295],
[1463118253946, 9401],
[1463119156578, 5491],
[1463120058203, 3846],
[1463121888181, 3854],
[1463122789637, 4265],
[1463123691220, 4275],
[1463124592800, 3988],
[1463125494303, 4152],
[1463126396372, 4378],
[1463127297953, 4426],
[1463128199613, 4757],
[1463129101163, 5274],
[1463130003464, 5319],
[1463130905092, 5472],
[1463131806736, 5453],
[1463132708533, 5654],
[1463133609975, 5899],
[1463134511369, 6412],
[1463135412843, 7924],
[1463136314360, 8292],
[1463137215975, 9465],
[1463138117467, 9935],
[1463139018966, 10502],
[1463244189971, 9541],
[1463245092343, 9284],
[1463245994312, 8536],
[1463246896170, 8631],
[1463263127842, 3622],
[1463264029515, 3649],
[1463264931315, 4537],
[1463265832922, 4051],
[1463266734918, 3890],
[1463267636606, 5832],
[1463268538190, 5050],
[1463269439910, 5986],
[1463270341704, 6246],
[1463271246387, 6803],
[1463272148063, 6995],
[1463273049973, 6620],
[1463273951926, 7533],
[1463274853661, 7422],
[1463275755291, 8804],
[1463276657394, 8584],
[1463277559477, 9214],
[1463278464348, 8467],
[1463279366204, 9856],
[1463280267937, 9350],
[1463281169778, 10314],
[1463282071544, 9919],
[1463282976736, 10030],
[1463283878816, 9852],
[1463284780487, 9109],
[1463285682213, 8230],
[1463286583844, 7782],
[1463287485593, 8506],
[1463288387749, 9307],
[1463289289462, 9820],
[1463290191238, 9019],
[1463291092841, 9386],
[1463291994526, 8855],
[1463292896446, 9144],
[1463293798190, 8612],
[1463294699959, 7411],
[1463295601815, 8374],
[1463296503553, 8549],
[1463297405344, 8533],
[1463298307068, 8800],
[1463299209155, 9583],
[1463300110808, 9127],
[1463301012626, 10073],
[1463301914454, 9051],
[1463302816519, 9401],
[1463303718167, 8675],
[1463304619840, 8895],
[1463305521599, 8288],
[1463306423491, 8241],
[1463307325087, 7020],
[1463308226793, 7403],
[1463309128554, 7863],
[1463310030726, 8114],
[1463310963618, 9276],
[1463311865368, 9350],
[1463312767017, 9415],
[1463313668944, 9312],
[1463314570717, 10786],
[1463315472401, 10135],
[1463316374015, 10014],
[1463317276158, 10125],
[1463318177801, 8432],
[1463319080589, 8559],
[1463319982293, 8775],
[1463320884327, 8274],
[1463321786003, 8482],
[1463322687740, 8580],
[1463323589369, 9015],
[1463324491044, 8600],
[1463325392703, 8459],
[1463326294380, 8998],
[1463327196117, 8043],
[1463328098196, 8243],
[1463328999846, 8682],
[1463329901487, 8899],
[1463330803255, 9373],
[1463331705291, 9330],
[1463332607046, 9344],
[1463333508825, 8202],
[1463334410548, 9196],
[1463335312455, 9561],
[1463336214126, 10575],
[1463337116762, 11851],
[1463338018426, 10087],
[1463338920146, 10522],
[1463339822133, 9755],
[1463340723813, 8770],
[1463341625404, 9158],
[1463342530054, 10661],
[1463343431882, 9382],
[1463344333557, 10670],
[1463345235278, 10389],
[1463346137454, 10720],
[1463347039207, 10409],
[1463347940913, 9173],
[1463348842574, 9966],
[1463349744282, 8900],
[1463350649268, 9641],
[1463351550948, 9137],
[1463352452712, 9941],
[1463353354988, 8211],
[1463354256797, 8251],
[1463355158821, 7643],
[1463356060462, 7858],
[1463356962521, 8300],
[1463357864555, 8380],
[1463358766254, 8220],
[1463359668004, 8930],
[1463360570055, 9510],
[1463361472076, 9604],
[1463362373902, 10221],
[1463363276012, 10168],
[1463364178151, 11791],
[1463365081263, 13776],
[1463365983310, 14110],
[1463366884931, 12876],
[1463367786593, 13554],
[1463368688259, 14488],
[1463369590072, 14395],
[1463370491776, 13790],
[1463371393438, 14868],
[1463372295154, 15252],
[1463373196863, 14632],
[1463374098641, 14002],
[1463375003041, 12096],
[1463375904919, 11936],
[1463376806673, 10782],
[1463377708487, 9172],
[1463378610376, 4951],
[1463379512463, 4011],
[1463390336186, 3678],
[1463391238112, 3945],
[1463392139850, 4177],
[1463393041624, 5114],
[1463393943443, 5647],
[1463394845281, 5823],
[1463395747286, 6260],
[1463396649615, 6763],
[1463397551543, 6868],
[1463398453447, 7356],
[1463399355062, 7416],
[1463400272236, 6822],
[1463401189950, 7850],
[1463402091325, 7616],
[1463402993014, 5849],
[1463403895439, 4303],
[1463404797602, 4015],
[1463405699312, 4882],
[1463406601091, 5934],
[1463407503380, 6581],
[1463408405120, 5874],
