[1462740884158, 6500],
[1462740937763, 6381],
[1462741039571, 6393],
[1462741853953, 5914],
[1462742305609, 5269],
[1462742315104, 5269],
[1462742621655, 5148],
[1462742950263, 4686],
[1462743323287, 4027],
[1462743332226, 4027],
[1462743606599, 4027],
[1462743622750, 4027],
[1462745195084, 3642],
[1462745261412, 3863],
[1462748871026, 4864],
[1462749772755, 5603],
[1462750674415, 6972],
[1462751576105, 6627],
[1462752477812, 7506],
[1462753380146, 7137],
[1462754281801, 7884],
[1462755183925, 5805],
[1462756085683, 5661],
[1462756987895, 8332],
[1462757889486, 4932],
[1462758791146, 4932],
[1462759692808, 4932],
[1462760594488, 4932],
[1462761496183, 4932],
[1462762397943, 6092],
[1462763299785, 6092],
[1462764202517, 7373],
[1462765104160, 8882],
[1462766005827, 7987],
[1462766907461, 10655],
[1462767809200, 10655],
[1462768710824, 10259],
[1462769612557, 6326],
[1462775041069, 3630],
[1462775942630, 3890],
[1462786815424, 3632],
[1462787717008, 3829],
[1462788618789, 4079],
[1462789520636, 4450],
[1462790422326, 4592],
[1462791323949, 4167],
[1462792225675, 4538],
[1462793127298, 4743],
[1462808274861, 6849],
[1462809177063, 5924],
[1462810078608, 7044],
[1462810980159, 6187],
[1462811881857, 6722],
[1462812783565, 6642],
[1462813685179, 5387],
[1462814586685, 5097],
[1462815488292, 5893],
[1462816418497, 5749],
[1462817319848, 6452],
[1462818221339, 6489],
[1462819122887, 6886],
[1462820024484, 5840],
[1462820925849, 4474],
[1462821827304, 3774],
[1462824532471, 3845],
[1462825434008, 3750],
[1462826335425, 4453],
[1462827237000, 4769],
[1462828138568, 4670],
[1462829040141, 5381],
[1462829941691, 6496],
[1462830843552, 6627],
[1462831745119, 8058],
[1462832646728, 10568],
[1462833548414, 10958],
[1462834449919, 9635],
[1462835351434, 10344],
[1462836252954, 10697],
[1462837154589, 11707],
[1462838056648, 10460],
[1462838958160, 9798],
[1462839859871, 10200],
[1462840761440, 12034],
[1462841663241, 14854],
[1462842564754, 14854],
[1462843466323, 16408],
[1462844367867, 15020],
[1462845269479, 15365],
[1462846171389, 14481],
[1462847072957, 11792],
[1462847983600, 13300],
[1462848888161, 8157],
[1462849789703, 10582],
[1462850691233, 10677],
[1462851592779, 13434],
[1462852494844, 15058],
[1462853396483, 16854],
[1462854298118, 12557],
[1462855199586, 13348],
[1462856101256, 10228],
[1462857002980, 12613],
[1462857904588, 11636],
[1462858806209, 10668],
[1462859707813, 10854],
[1462860609502, 14045],
[1462861511072, 14576],
[1462862426119, 10381],
[1462863354727, 10132],
[1462864256139, 6256],
[1462865157702, 6785],
[1462866059585, 6775],
[1462866961598, 7291],
[1462867863282, 6102],
[1462868765374, 6227],
[1462869666975, 4198],
[1462870568622, 4303],
[1462873279624, 3710],
[1462875083155, 4563],
[1462875984732, 4559],
[1462876886376, 4791],
[1462877788054, 4265],
[1462878689682, 4545],
[1462879591311, 4606],
[1463071353132, 6764],
[1463072255191, 7017],
[1463073156752, 8390],
[1463074058429, 7910],
[1463074959883, 8477],
[1463075861534, 8630],
[1463076763095, 8806],
[1463077664725, 7896],
[1463078566259, 7912],
[1463079467981, 7442],
[1463080369566, 8398],
[1463081271191, 8630],
[1463082172776, 7921],
[1463083074995, 8251],
[1463083976563, 6790],
[1463084878051, 7493],
[1463085779381, 7238],
[1463086681699, 6671],
[1463087583380, 7716],
[1463088485267, 7753],
[1463089386833, 8265],
[1463090288416, 7664],
[1463091190075, 7944],
[1463092104843, 11300],
[1463093006334, 11857],
[1463093907913, 13189],
[1463094809450, 15659],
[1463095711095, 16050],
[1463096612642, 21287],
[1463097514158, 21680],
[1463098415758, 22048],
[1463099317306, 22856],
[1463100218821, 22856],
[1463101120689, 21609],
[1463102022305, 22665],
[1463102923879, 27012],
[1463103825381, 27012],
[1463104727293, 27012],
[1463105628885, 25024],
[1463106530521, 25024],
[1463107432048, 23810],
[1463108333723, 23810],
[1463109235483, 24622],
[1463110137164, 18760],
[1463111038763, 5590],
[1463111941362, 5590],
[1463112843351, 6093],
[1463113745123, 6722],
[1463114646876, 4583],
[1463115549019, 6089],
[1463120058203, 3853],
[1463120959760, 4451],
[1463121888181, 5402],
[1463122789637, 5130],
[1463123691220, 3697],
[1463126396372, 4110],
[1463130003464, 3832],
[1463132708533, 3987],
[1463133609975, 4414],
[1463136314360, 3773],
[1463137215975, 4527],
[1463139018966, 3780],
[1463244189971, 4484],
[1463245092343, 4884],
[1463245994312, 4293],
[1463246896170, 5564],
[1463247797920, 5743],
[1463248699672, 5873],
[1463249601469, 5686],
[1463250503031, 4961],
[1463251404841, 3866],
[1463254110652, 3929],
[1463255012225, 4287],
[1463255914253, 5059],
[1463256815884, 5060],
[1463257717649, 5007],
[1463258619285, 5531],
[1463259521224, 7371],
[1463260422803, 6103],
[1463261324573, 6682],
[1463262226276, 6350],
[1463263127842, 7589],
[1463264029515, 5690],
[1463264931315, 7091],
[1463265832922, 8138],
[1463266734918, 7876],
[1463267636606, 10539],
[1463268538190, 12136],
[1463269439910, 12531],
[1463270341704, 13180],
[1463271246387, 12506],
[1463272148063, 16589],
[1463273049973, 16589],
[1463273951926, 17708],
[1463274853661, 17708],
[1463275755291, 22656],
[1463276657394, 22609],
[1463277559477, 18895],
[1463278464348, 18895],
[1463279366204, 17236],
[1463280267937, 17236],
[1463281169778, 22478],
[1463282071544, 22204],
[1463282976736, 22204],
[1463283878816, 17696],
[1463284780487, 17696],
[1463285682213, 21555],
[1463286583844, 21774],
[1463287485593, 22652],
[1463288387749, 22652],
[1463289289462, 18296],
[1463290191238, 16576],
[1463291092841, 19343],
[1463291994526, 19798],
[1463292896446, 16825],
[1463293798190, 21645],
[1463294699959, 19563],
[1463295601815, 14202],
[1463296503553, 13801],
[1463297405344, 14411],
[1463298307068, 17751],
[1463299209155, 16913],
[1463300110808, 16145],
[1463301012626, 16878],
[1463301914454, 14171],
[1463302816519, 14171],
[1463303718167, 14471],
[1463304619840, 17848],
[1463305521599, 20103],
[1463306423491, 14605],
[1463307325087, 15771],
[1463308226793, 15140],
[1463309128554, 17059],
[1463310030726, 13817],
[1463310963618, 14644],
[1463311865368, 14741],
[1463312767017, 13396],
[1463313668944, 9682],
[1463314570717, 11573],
[1463315472401, 11101],
[1463316374015, 9844],
[1463317276158, 8951],
[1463318177801, 9936],
[1463319080589, 9386],
[1463319982293, 8743],
[1463320884327, 9002],
[1463321786003, 8923],
[1463322687740, 8379],
[1463323589369, 7481],
[1463324491044, 8182],
[1463325392703, 9569],
[1463326294380, 10572],
[1463327196117, 11576],
[1463328098196, 10718],
[1463328999846, 10229],
[1463329901487, 9072],
[1463330803255, 9241],
[1463331705291, 10736],
[1463332607046, 9911],
[1463333508825, 13614],
[1463334410548, 15808],
[1463335312455, 15279],
[1463336214126, 16729],
[1463337116762, 18776],
[1463338018426, 20336],
[1463338920146, 13349],
[1463339822133, 15544],
[1463340723813, 13988],
[1463341625404, 12759],
[1463342530054, 11592],
[1463343431882, 11593],
[1463344333557, 11979],
[1463345235278, 10477],
[1463346137454, 14394],
[1463347039207, 11812],
[1463351550948, 3920],
[1463352452712, 3963],
[1463353354988, 5966],
[1463354256797, 4691],
[1463355158821, 6652],
[1463356060462, 5662],
[1463356962521, 6434],
[1463357864555, 6859],
[1463358766254, 7421],
[1463359668004, 7872],
[1463360570055, 9420],
[1463361472076, 8622],
[1463362373902, 8622],
[1463363276012, 8118],
[1463364178151, 7652],
[1463365081263, 7652],
[1463365983310, 9724],
[1463366884931, 10347],
[1463367786593, 9469],
[1463368688259, 10821],
[1463369590072, 10821],
[1463370491776, 9873],
[1463371393438, 7359],
[1463372295154, 7359],
[1463373196863, 8905],
[1463374098641, 9651],
[1463375003041, 7436],
[1463375904919, 6675],
[1463376806673, 8184],
[1463377708487, 7219],
[1463378610376, 8484],
[1463379512463, 8163],
[1463380414186, 8006],
[1463397551543, 3802],
[1463398453447, 4098],
[1463399355062, 4236],
[1463400256754, 4913],
[1463401174325, 5168],
[1463402091325, 5675],
[1463402993014, 5053],
[1463403895439, 5230],
[1463404797602, 5534],
[1463405699312, 5956],
[1463406601091, 6803],
[1463407503380, 8122],
[1463408405120, 8340],
