[1462740884158, 4434],
[1462740937763, 4604],
[1462741039571, 4663],
[1462741853953, 4689],
[1462742305609, 4791],
[1462742315104, 4791],
[1462742621655, 4929],
[1462742950263, 4924],
[1462743323287, 5275],
[1462743332226, 5275],
[1462743606599, 4823],
[1462743622750, 4895],
[1462744949471, 5085],
[1462745195084, 5478],
[1462745261412, 5307],
[1462746163037, 6271],
[1462747064675, 6628],
[1462747969371, 6908],
[1462748871026, 7292],
[1462749772755, 6845],
[1462750674415, 6924],
[1462751576105, 7832],
[1462752477812, 7549],
[1462753380146, 7560],
[1462754281801, 8829],
[1462755183925, 8764],
[1462756085683, 8991],
[1462756987895, 9852],
[1462757889486, 8696],
[1462758791146, 9653],
[1462759692808, 9607],
[1462760594488, 9158],
[1462761496183, 9191],
[1462762397943, 9854],
[1462763299785, 9744],
[1462764202517, 8837],
[1462765104160, 9977],
[1462766005827, 9003],
[1462766907461, 8495],
[1462767809200, 8136],
[1462768710824, 7889],
[1462769612557, 7337],
[1462770514516, 7365],
[1462771416973, 7072],
[1462772318888, 5668],
[1462773220565, 4866],
[1462774122164, 4916],
[1462775041069, 4793],
[1462775942630, 4682],
[1462776865136, 5653],
[1462777766542, 6041],
[1462778668231, 6496],
[1462779569997, 5506],
[1462780471745, 5623],
[1462781373492, 5830],
[1462782306051, 5592],
[1462783207848, 6416],
[1462784109540, 6751],
[1462785011334, 6178],
[1462785913636, 6121],
[1462786815424, 6710],
[1462787717008, 6637],
[1462788618789, 6351],
[1462789520636, 4844],
[1462790422326, 5682],
[1462791323949, 5762],
[1462792225675, 6252],
[1462793127298, 6069],
[1462808274861, 5171],
[1462809177063, 5029],
[1462810078608, 4609],
[1462810980159, 4756],
[1462811881857, 4606],
[1462812783565, 4743],
[1462813685179, 4649],
[1462814586685, 4527],
[1462815488292, 4573],
[1462816418497, 3882],
[1462817319848, 3653],
[1462818221339, 3963],
[1462819122887, 4249],
[1462820925849, 3937],
[1462821827304, 4160],
[1462822728879, 3985],
[1462823630944, 4340],
[1462824532471, 4335],
[1462825434008, 4793],
[1462826335425, 4709],
[1462827237000, 4435],
[1462828138568, 5133],
[1462829040141, 4783],
[1462829941691, 4700],
[1462830843552, 4654],
[1462831745119, 6027],
[1462832646728, 5820],
[1462833548414, 5332],
[1462834449919, 6110],
[1462835351434, 6293],
[1462836252954, 5928],
[1462837154589, 6382],
[1462838056648, 6320],
[1462838958160, 6806],
[1462839859871, 7128],
[1462840761440, 7739],
[1462841663241, 8379],
[1462842564754, 8642],
[1462843466323, 8570],
[1462844367867, 9115],
[1462845269479, 8875],
[1462846171389, 8299],
[1462847072957, 7794],
[1462847983600, 7440],
[1462848888161, 7817],
[1462849789703, 8080],
[1462850691233, 8274],
[1462851592779, 8298],
[1462852494844, 8254],
[1462853396483, 9397],
[1462854298118, 9956],
[1462855199586, 8086],
[1462856101256, 6405],
[1462857002980, 6469],
[1462857904588, 6195],
[1462858806209, 5434],
[1462859707813, 4846],
[1462860609502, 5378],
[1462861511072, 5308],
[1462862426119, 5300],
[1462863354727, 5423],
[1462864256139, 6063],
[1462865157702, 6138],
[1462866059585, 6113],
[1462866961598, 5510],
[1462867863282, 6264],
[1462868765374, 4893],
[1462869666975, 4958],
[1462870568622, 4622],
[1462871470235, 5496],
[1462872377709, 5003],
[1462873279624, 4815],
[1462874181625, 4742],
[1462875083155, 5064],
[1462875984732, 4813],
[1462876886376, 5275],
[1462877788054, 4920],
[1462878689682, 4888],
[1462879591311, 4526],
[1462880492863, 4362],
[1462882297251, 3834],
[1462883198902, 4665],
[1462884103410, 5049],
[1462885005311, 5300],
[1462885906797, 5538],
[1462886812223, 6117],
[1462887713761, 5788],
[1462888615297, 5589],
[1462889516984, 5970],
[1462890418717, 6830],
[1462892222009, 3725],
[1462907552897, 3927],
[1462908460111, 4221],
[1462909367651, 4212],
[1462910270456, 3752],
[1462911173603, 4217],
[1462912075207, 4761],
[1462912976848, 4889],
[1462913878584, 4575],
[1462914780213, 4308],
[1462915682344, 4362],
[1462916585011, 3954],
[1462917487273, 4543],
[1462918388987, 4310],
[1462919290684, 4119],
[1462920193405, 4065],
[1462921095043, 4504],
[1462921996719, 4913],
[1462922898447, 5338],
[1462923800045, 5599],
[1462924702345, 5962],
[1462925604018, 6465],
[1462926505633, 6842],
[1462927407328, 7078],
[1462928309265, 7638],
[1462929210974, 8653],
[1462930112636, 8498],
[1462931014265, 9541],
[1462931915960, 8815],
[1462932817584, 8717],
[1462933719176, 8956],
[1462934620896, 9274],
[1462935523217, 8640],
[1462936424901, 8627],
[1462937326588, 8908],
[1462938228389, 9801],
[1462939130319, 9881],
[1462940032012, 8248],
[1462940933740, 8316],
[1462941835852, 8406],
[1462942737492, 7706],
[1462943639224, 6640],
[1462944540933, 5642],
[1462945442658, 4722],
[1462946344292, 4493],
[1462947246006, 4008],
[1462948147826, 3955],
[1462949049504, 4367],
[1462949951326, 4479],
[1462950853049, 4954],
[1462951754721, 4741],
[1463071353132, 3670],
[1463072255191, 3608],
[1463079467981, 3967],
[1463080369566, 4349],
[1463081271191, 3745],
[1463082172776, 4144],
[1463083074995, 4095],
[1463083976563, 4345],
[1463084878051, 4301],
[1463085779381, 4714],
[1463086681699, 4561],
[1463087583380, 4599],
[1463088485267, 4943],
[1463089386833, 4653],
[1463090288416, 5173],
[1463091190075, 4841],
[1463092104843, 5201],
[1463093006334, 5771],
[1463093907913, 5997],
[1463094809450, 6007],
[1463095711095, 5747],
[1463096612642, 5687],
[1463097514158, 6197],
[1463098415758, 6175],
[1463099317306, 6540],
[1463100218821, 6793],
[1463101120689, 7459],
[1463102022305, 7303],
[1463102923879, 7555],
[1463103825381, 6778],
[1463104727293, 6844],
[1463105628885, 6179],
[1463106530521, 5971],
[1463107432048, 6227],
[1463108333723, 5698],
[1463109235483, 6609],
[1463110137164, 6496],
[1463111038763, 6266],
[1463111941362, 6301],
[1463112843351, 5361],
[1463113745123, 5280],
[1463114646876, 4567],
[1463115549019, 4393],
[1463116450648, 3871],
[1463117352349, 4068],
[1463118253946, 3798],
[1463121888181, 3607],
[1463122789637, 3895],
[1463123691220, 4003],
[1463124592800, 4317],
[1463125494303, 4274],
[1463126396372, 4428],
[1463127297953, 4688],
[1463128199613, 4420],
[1463129101163, 4550],
[1463130003464, 4171],
[1463130905092, 4367],
[1463131806736, 4347],
[1463132708533, 4592],
[1463133609975, 4103],
[1463134511369, 4117],
[1463135412843, 3857],
[1463136314360, 4247],
[1463137215975, 4041],
[1463138117467, 4158],
[1463139018966, 3979],
[1463244189971, 5319],
[1463245092343, 5671],
[1463245994312, 6518],
[1463246896170, 6151],
[1463247797920, 6059],
[1463248699672, 5937],
[1463249601469, 6498],
[1463250503031, 6617],
[1463251404841, 7052],
[1463252306905, 6741],
[1463253208993, 7184],
[1463254110652, 8181],
[1463255012225, 7786],
[1463255914253, 4826],
[1463256815884, 5072],
[1463257717649, 5178],
[1463258619285, 5194],
[1463259521224, 5193],
[1463260422803, 5421],
[1463261324573, 6066],
[1463262226276, 5059],
[1463263127842, 5322],
[1463264029515, 5370],
[1463264931315, 4807],
[1463265832922, 5178],
[1463266734918, 5220],
[1463267636606, 5309],
[1463268538190, 5545],
[1463269439910, 5693],
[1463270341704, 5500],
[1463271246387, 5538],
[1463272148063, 5766],
[1463273049973, 5464],
[1463273951926, 5774],
[1463274853661, 5471],
[1463275755291, 5513],
[1463276657394, 5617],
[1463277559477, 6180],
[1463278464348, 6765],
[1463279366204, 6321],
[1463280267937, 6457],
[1463281169778, 6649],
[1463282071544, 6584],
[1463282976736, 7087],
[1463283878816, 6763],
[1463284780487, 6765],
[1463285682213, 6631],
[1463286583844, 5948],
[1463287485593, 5847],
[1463288387749, 5641],
[1463289289462, 5978],
[1463290191238, 5823],
[1463291092841, 5417],
[1463291994526, 5419],
[1463292896446, 5470],
[1463293798190, 6007],
[1463294699959, 5811],
[1463295601815, 6014],
[1463296503553, 6267],
[1463297405344, 6352],
[1463298307068, 6638],
[1463299209155, 6782],
[1463300110808, 6509],
[1463301012626, 6608],
[1463301914454, 6506],
[1463302816519, 6064],
[1463303718167, 6118],
[1463304619840, 6208],
[1463305521599, 6428],
[1463306423491, 5792],
[1463307325087, 6402],
[1463308226793, 6529],
[1463309128554, 6752],
[1463310030726, 7454],
[1463310963618, 6843],
[1463311865368, 5717],
[1463312767017, 5307],
[1463313668944, 4926],
[1463314570717, 4631],
[1463315472401, 5458],
[1463316374015, 5333],
[1463317276158, 5370],
[1463318177801, 4650],
[1463319080589, 4879],
[1463319982293, 4548],
[1463320884327, 4391],
[1463321786003, 3875],
[1463322687740, 3998],
[1463323589369, 3701],
[1463324491044, 3890],
[1463325392703, 3875],
[1463326294380, 4331],
[1463327196117, 4199],
[1463328098196, 3713],
[1463328999846, 3749],
[1463336214126, 4255],
[1463337116762, 4516],
[1463338018426, 4136],
[1463338920146, 4387],
[1463339822133, 4214],
[1463340723813, 4256],
[1463341625404, 4426],
[1463342530054, 4821],
[1463343431882, 5181],
[1463344333557, 4552],
[1463345235278, 5586],
[1463346137454, 5809],
[1463347039207, 6919],
[1463347940913, 6572],
[1463348842574, 6255],
[1463349744282, 6232],
[1463350649268, 6049],
[1463351550948, 6549],
[1463352452712, 6238],
[1463353354988, 6978],
[1463354256797, 7612],
[1463355158821, 7881],
[1463356060462, 8290],
[1463356962521, 8278],
[1463357864555, 8507],
[1463358766254, 9127],
[1463359668004, 9252],
[1463360570055, 9758],
[1463361472076, 9873],
[1463362373902, 9934],
[1463363276012, 10072],
[1463364178151, 10810],
[1463365081263, 11120],
[1463365983310, 11002],
[1463366884931, 12505],
[1463367786593, 12321],
[1463368688259, 11227],
[1463369590072, 10126],
[1463370491776, 10574],
[1463371393438, 10113],
[1463372295154, 10430],
[1463373196863, 10866],
[1463374098641, 10768],
[1463375003041, 9971],
[1463375904919, 9356],
[1463376806673, 7491],
[1463377708487, 6682],
[1463378610376, 6467],
[1463379512463, 6722],
[1463380414186, 5825],
[1463381315946, 6804],
[1463382217705, 7587],
[1463383119615, 8847],
[1463384021334, 8590],
[1463384923122, 8646],
[1463385825354, 8087],
[1463386727056, 7421],
[1463387629909, 6695],
[1463388531703, 6632],
[1463389434278, 6560],
[1463390336186, 6425],
[1463391238112, 6659],
[1463392139850, 7104],
[1463393041624, 6407],
[1463393943443, 6573],
[1463394845281, 6829],
[1463395747286, 6589],
[1463396649615, 6364],
[1463397551543, 6505],
[1463398453447, 6455],
[1463399355062, 6466],
[1463400256754, 5653],
[1463401174325, 5713],
[1463402091325, 6082],
[1463402993014, 5875],
[1463403895439, 6490],
[1463404797602, 5100],
[1463405699312, 5918],
[1463406601091, 5831],
[1463407503380, 5924],
[1463408405120, 5821],
