[1462758791146, 4365],
[1462759692808, 4065],
[1462760594488, 4065],
[1462761496183, 4065],
[1462771416973, 3956],
[1462772318888, 3956],
[1462773220565, 3956],
[1462792225675, 3791],
[1462793127298, 4964],
[1462808274861, 6939],
[1462809177063, 4462],
[1462810078608, 7115],
[1462810980159, 8621],
[1462812783565, 5171],
[1462813685179, 4568],
[1462814586685, 5537],
[1462815488292, 8029],
[1462816418497, 7095],
[1462817319848, 8328],
[1462818221339, 6010],
[1462819122887, 7832],
[1462820024484, 10336],
[1462820925849, 10588],
[1462821827304, 6308],
[1462822728879, 5273],
[1462823630944, 10982],
[1462836252954, 4089],
[1462837154589, 5325],
[1462838056648, 7128],
[1462838958160, 8434],
[1462839859871, 6884],
[1462840761440, 6884],
[1462841663241, 6884],
[1462842564754, 10366],
[1462843466323, 10366],
[1462844367867, 10366],
[1462845269479, 12045],
[1462846171389, 12045],
[1462847072957, 12937],
[1462847983600, 10538],
[1462848888161, 10538],
[1462849789703, 10538],
[1462850691233, 12503],
[1462851592779, 12503],
[1462852494844, 12503],
[1462853396483, 12503],
[1462854298118, 12503],
[1462855199586, 12503],
[1462856101256, 12503],
[1462857002980, 12503],
[1462857904588, 10616],
[1462858806209, 11293],
[1462859707813, 16898],
[1462860609502, 11320],
[1462861511072, 8891],
[1462862426119, 17662],
[1462863354727, 17662],
[1462864256139, 12668],
[1462865157702, 19180],
[1462881395649, 4393],
[1462896730917, 4028],
[1462897632371, 4180],
[1462898533938, 5370],
[1462899435509, 4273],
[1462900337091, 5203],
[1462901238669, 5787],
[1462902140320, 6127],
[1462903042000, 4776],
[1462903943528, 6109],
[1462904845644, 6843],
[1462905747333, 6609],
[1462906650133, 10770],
[1462907552897, 10182],
[1462908460111, 7084],
[1462909367651, 7773],
[1462910270456, 8490],
[1462911173603, 10287],
[1462912075207, 5989],
[1462912976848, 5989],
[1462913878584, 4082],
[1462915682344, 3933],
[1462931014265, 4264],
[1462934620896, 3940],
[1462935523217, 3606],
[1462936424901, 3606],
[1462937326588, 4387],
[1462938228389, 4387],
[1462939130319, 4387],
[1462940032012, 4103],
[1462940933740, 4103],
[1462941835852, 4103],
[1462949049504, 3784],
[1462949951326, 3784],
[1462951754721, 6897],
[1463071353132, 8143],
[1463072255191, 8277],
[1463073156752, 6847],
[1463074058429, 9308],
[1463074959883, 9284],
[1463075861534, 7808],
[1463076763095, 9885],
[1463077664725, 5688],
[1463078566259, 7424],
[1463079467981, 9028],
[1463080369566, 4995],
[1463083976563, 4729],
[1463084878051, 4056],
[1463085779381, 4954],
[1463086681699, 4954],
[1463087583380, 6066],
[1463088485267, 5983],
[1463089386833, 5030],
[1463090288416, 4514],
[1463091190075, 4082],
[1463092104843, 5069],
[1463093006334, 6664],
[1463094809450, 5409],
[1463095711095, 4783],
[1463096612642, 5427],
[1463097514158, 5427],
[1463098415758, 6174],
[1463099317306, 5211],
[1463103825381, 3729],
[1463104727293, 3729],
[1463105628885, 3729],
[1463107432048, 3721],
[1463108333723, 6099],
[1463109235483, 6099],
[1463110137164, 6099],
[1463111038763, 5687],
[1463111941362, 5687],
[1463112843351, 5687],
[1463113745123, 5687],
[1463114646876, 8062],
[1463118253946, 3985],
[1463119156578, 3985],
[1463120058203, 3608],
[1463120959760, 5008],
[1463121888181, 5668],
[1463122789637, 5668],
[1463123691220, 6615],
[1463124592800, 7799],
[1463125494303, 7053],
[1463126396372, 4851],
[1463127297953, 7354],
[1463128199613, 7884],
[1463129101163, 6294],
[1463130003464, 5007],
[1463131806736, 4244],
[1463132708533, 5113],
[1463133609975, 5113],
[1463134511369, 5876],
[1463246896170, 5247],
[1463247797920, 4867],
[1463248699672, 5457],
[1463249601469, 5457],
[1463250503031, 6479],
[1463251404841, 4746],
[1463252306905, 7382],
[1463253208993, 4176],
[1463254110652, 8726],
[1463255012225, 5833],
[1463255914253, 6102],
[1463256815884, 3774],
[1463257717649, 6245],
[1463258619285, 6245],
[1463259521224, 7821],
[1463260422803, 9433],
[1463261324573, 7979],
[1463272148063, 8476],
[1463284780487, 4284],
[1463289289462, 3763],
[1463290191238, 3746],
[1463291092841, 4664],
[1463291994526, 4597],
[1463292896446, 7484],
[1463300110808, 4866],
[1463301012626, 5767],
[1463301914454, 3723],
[1463302816519, 4887],
[1463303718167, 5219],
[1463304619840, 5244],
[1463305521599, 5871],
[1463306423491, 7508],
[1463307325087, 7665],
[1463308226793, 7345],
[1463309128554, 6470],
[1463310030726, 6560],
[1463310963618, 7235],
[1463311865368, 7091],
[1463312767017, 10357],
[1463313668944, 8339],
[1463318177801, 5045],
[1463375003041, 3656],
[1463375904919, 3656],
[1463376806673, 4640],
[1463379512463, 5162],
[1463381315946, 4200],
[1463383119615, 4044],
[1463384021334, 7314],
[1463384923122, 7141],
[1463385825354, 7543],
[1463386727056, 8159],
[1463387629909, 4533],
[1463388531703, 5908],
[1463389434278, 6634],
[1463390336186, 7136],
[1463391238112, 5586],
[1463392139850, 7501],
[1463393041624, 6547],
[1463393943443, 6793],
[1463394845281, 8579],
[1463395747286, 8579],
[1463396649615, 7761],
[1463397551543, 5903],
[1463398453447, 4119],
[1463399355062, 5539],
[1463400256754, 6421],
[1463401174325, 6470],
[1463402091325, 8017],
[1463402993014, 8546],
[1463403895439, 6391],
[1463404797602, 8022],
[1463405699312, 11126],
[1463406601091, 14077],
[1463407503380, 8675],
[1463408405120, 8675],
