[1462740884158, 32470],
[1462740937763, 32470],
[1462741039571, 32470],
[1462741853953, 45560],
[1462742305609, 45560],
[1462742315104, 45560],
[1462742621655, 45560],
[1462742950263, 45938],
[1462743323287, 64224],
[1462743332226, 64224],
[1462743606599, 64224],
[1462743622750, 64224],
[1462744949471, 64458],
[1462745195084, 65327],
[1462745261412, 65327],
[1462746163037, 65516],
[1462747064675, 65516],
[1462747969371, 67218],
[1462748871026, 67218],
[1462749772755, 67937],
[1462750674415, 67937],
[1462751576105, 42674],
[1462752477812, 42878],
[1462753380146, 36520],
[1462754281801, 36744],
[1462755183925, 37485],
[1462756085683, 37485],
[1462756987895, 33239],
[1462757889486, 38902],
[1462758791146, 48123],
[1462759692808, 46909],
[1462760594488, 59644],
[1462761496183, 47053],
[1462762397943, 59608],
[1462763299785, 48125],
[1462764202517, 48125],
[1462765104160, 61777],
[1462766005827, 49574],
[1462766907461, 62667],
[1462767809200, 62667],
[1462768710824, 51315],
[1462769612557, 65246],
[1462770514516, 65246],
[1462771416973, 66417],
[1462772318888, 66417],
[1462773220565, 33199],
[1462774122164, 46167],
[1462775024417, 61211],
[1462775942630, 46045],
[1462776844423, 37660],
[1462777766542, 47267],
[1462778668231, 47470],
[1462779569997, 47842],
[1462780471745, 24817],
[1462781373492, 25211],
[1462782306051, 22824],
[1462783207848, 21381],
[1462784109540, 19889],
[1462785011334, 17891],
[1462785913636, 23904],
[1462786815424, 26598],
[1462787717008, 18246],
[1462788618789, 16214],
[1462789520636, 19377],
[1462790422326, 17721],
[1462791323949, 18432],
[1462792225675, 18273],
[1462793127298, 22354],
[1462808274861, 25538],
[1462809177063, 28584],
[1462810078608, 32352],
[1462810980159, 26697],
[1462811881857, 22417],
[1462812783565, 21410],
[1462813685179, 22189],
[1462814586685, 22755],
[1462815488292, 22237],
[1462816389890, 24232],
[1462817319848, 26711],
[1462818221339, 29589],
[1462819122887, 32703],
[1462820024484, 33170],
[1462820925849, 30163],
[1462821827304, 23182],
[1462822728879, 28686],
[1462823630944, 31951],
[1462824532471, 29403],
[1462825434008, 27070],
[1462826335425, 34569],
[1462827237000, 35466],
[1462828138568, 35528],
[1462829040141, 35978],
[1462829941691, 49465],
[1462830843552, 49576],
[1462831745119, 42269],
[1462832646728, 36812],
[1462833548414, 43418],
[1462834449919, 43178],
[1462835351434, 43661],
[1462836252954, 33358],
[1462837154589, 28788],
[1462838056648, 28788],
[1462838958160, 37437],
[1462839859871, 37437],
[1462840761440, 44915],
[1462841663241, 44915],
[1462842564754, 40092],
[1462843466323, 40092],
[1462844367867, 48738],
[1462845269479, 48738],
[1462846171389, 48738],
[1462847072957, 48738],
[1462847983600, 41452],
[1462848888161, 48880],
[1462849789703, 58475],
[1462850691233, 59324],
[1462851592779, 59804],
[1462852494844, 59804],
[1462853396483, 51268],
[1462854298118, 62389],
[1462855199586, 62389],
[1462856101256, 62389],
[1462857002980, 46130],
[1462857904588, 54338],
[1462858806209, 54338],
[1462859707813, 55774],
[1462860609502, 56309],
[1462861511072, 56858],
[1462862412532, 49649],
[1462863327862, 42571],
[1462864256139, 37692],
[1462865157702, 42887],
[1462866059585, 37704],
[1462866961598, 37704],
[1462867863282, 34606],
[1462868765374, 26830],
[1462869666975, 27708],
[1462870568622, 25732],
[1462871470235, 33733],
[1462872377709, 48500],
[1462873279624, 48500],
[1462874181625, 42856],
[1462875083155, 35037],
[1462875984732, 31432],
[1462876886376, 32295],
[1462877788054, 35662],
[1462878689682, 26687],
[1462879591311, 40497],
[1462880492863, 34718],
[1462881395649, 32034],
[1462882297251, 29644],
[1462883198902, 29627],
[1462884103410, 25788],
[1462885005311, 22867],
[1462885906797, 28683],
[1462886812223, 31581],
[1462887713761, 31850],
[1462888615297, 35187],
[1462889516984, 29803],
[1462890418717, 38434],
[1462891320432, 29451],
[1462892222009, 32803],
[1462893123579, 32559],
[1462894025332, 30884],
[1462894927011, 30884],
[1462895829245, 34759],
[1462896730917, 41238],
[1462897632371, 37533],
[1462898533938, 27253],
[1462899435509, 29559],
[1462900337091, 29659],
[1462901238669, 39967],
[1462902140320, 27067],
[1462903042000, 30034],
[1462903943528, 45053],
[1462904845644, 59555],
[1462905747333, 50657],
[1462906650133, 30368],
[1462907552897, 51549],
[1462908460111, 72245],
[1462909367651, 72686],
[1462910270456, 73290],
[1462911173603, 73822],
[1462912075207, 74347],
[1462912976848, 90106],
[1462913878584, 72101],
[1462914780213, 72222],
[1462915682344, 61024],
[1462916585011, 61024],
[1462917487273, 62943],
[1462918388987, 46999],
[1462919290684, 42375],
[1462920193405, 42375],
[1462921095043, 42375],
[1462921996719, 36569],
[1462922898447, 37015],
[1462923800045, 45153],
[1462924702345, 45153],
[1462925604018, 46086],
[1462926505633, 42410],
[1462927407328, 46631],
[1462928309265, 58531],
[1462929210974, 58531],
[1462930112636, 68969],
[1462931014265, 68969],
[1462931915960, 68969],
[1462932817584, 85254],
[1462933719176, 85254],
[1462934620896, 85653],
[1462935523217, 86689],
[1462936424901, 86689],
[1462937326588, 86689],
[1462938228389, 86689],
[1462939130319, 86689],
[1462940032012, 86689],
[1462940933740, 86689],
[1462941835852, 76118],
[1462942737492, 76118],
[1462943639224, 58287],
[1462944540933, 59069],
[1462945442658, 59510],
[1462946344292, 60489],
[1462947246006, 77256],
[1462948147826, 76702],
[1462949049504, 62200],
[1462949951326, 62800],
[1462950853049, 55209],
[1462951754721, 74338],
[1463071353132, 5969],
[1463072255191, 5917],
[1463073156752, 4189],
[1463074959883, 4622],
[1463075861534, 3838],
[1463076763095, 5771],
[1463097514158, 4056],
[1463098415758, 5404],
[1463099317306, 5404],
[1463100218821, 4331],
[1463101120689, 5944],
[1463102022305, 6262],
[1463102923879, 5548],
[1463103825381, 5548],
[1463104727293, 5548],
[1463105628885, 5548],
[1463106530521, 8341],
[1463107432048, 8341],
[1463108333723, 8341],
[1463109235483, 10459],
[1463138117467, 3781],
[1463139018966, 4079],
[1463244189971, 8792],
[1463245092343, 14474],
[1463245994312, 18372],
[1463246896170, 4902],
[1463248699672, 3787],
[1463249601469, 6905],
[1463250503031, 11032],
[1463251404841, 3992],
[1463252306905, 4458],
[1463255012225, 3960],
[1463255914253, 6171],
[1463256815884, 6666],
[1463257717649, 7436],
[1463258619285, 7436],
[1463259521224, 10711],
[1463260422803, 14692],
[1463261324573, 8513],
[1463262226276, 9125],
[1463263127842, 7146],
[1463264029515, 5876],
[1463264931315, 6942],
[1463265832922, 7842],
[1463266734918, 7491],
[1463267636606, 8125],
[1463268538190, 11132],
[1463269439910, 11414],
[1463270341704, 11023],
[1463271246387, 11181],
[1463272148063, 10725],
[1463273049973, 11720],
[1463273951926, 12357],
[1463274853661, 15058],
[1463275755291, 15316],
[1463276657394, 13728],
[1463277559477, 16760],
[1463278464348, 17285],
[1463279366204, 26634],
[1463280267937, 26634],
[1463281169778, 26634],
[1463282071544, 26634],
[1463282976736, 26634],
[1463283878816, 27451],
[1463284780487, 27451],
[1463285682213, 29095],
[1463286583844, 29095],
[1463287485593, 24425],
[1463288387749, 33207],
[1463289289462, 33207],
[1463290191238, 33207],
[1463291092841, 25678],
[1463291994526, 25678],
[1463292896446, 25678],
[1463293798190, 22062],
[1463294699959, 22062],
[1463295601815, 23354],
[1463296503553, 23354],
[1463297405344, 30287],
[1463298307068, 30287],
[1463299209155, 31051],
[1463300110808, 20199],
[1463301012626, 19758],
[1463301914454, 19758],
[1463302816519, 21436],
[1463303718167, 14590],
[1463304619840, 17593],
[1463305521599, 15203],
[1463306423491, 13726],
[1463307325087, 14812],
[1463308226793, 17902],
[1463309128554, 14770],
[1463310030726, 11979],
[1463340723813, 3746],
[1463341625404, 3746],
[1463342530054, 3888],
[1463352452712, 4259],
[1463353354988, 5312],
[1463355158821, 3751],
[1463356060462, 5616],
[1463356962521, 4213],
[1463357864555, 6647],
[1463358766254, 4098],
[1463359668004, 4258],
[1463360570055, 4730],
[1463361472076, 5545],
[1463362373902, 4499],
[1463363276012, 6800],
[1463364178151, 9774],
[1463365081263, 9030],
[1463365983310, 9514],
[1463366884931, 12367],
[1463367786593, 12367],
[1463368688259, 13620],
[1463369590072, 13620],
[1463370491776, 13620],
[1463371393438, 13620],
[1463372295154, 13620],
[1463373196863, 12198],
[1463374098641, 12301],
[1463375003041, 15899],
[1463375904919, 14219],
[1463376806673, 14219],
[1463377708487, 14219],
[1463378610376, 16428],
[1463379512463, 18346],
[1463380414186, 18346],
[1463381315946, 12713],
[1463382217705, 13257],
[1463383119615, 9867],
[1463384021334, 11112],
[1463384923122, 13318],
[1463385825354, 13318],
[1463386727056, 10905],
[1463387629909, 8240],
[1463388531703, 8625],
[1463389434278, 9241],
[1463390336186, 5994],
[1463391238112, 8922],
[1463392139850, 4248],
[1463393041624, 4088],
[1463393943443, 4158],
[1463394845281, 4592],
[1463395747286, 4625],
[1463396649615, 4417],
[1463399355062, 4283],
[1463400256754, 4555],
[1463401174325, 5545],
[1463402993014, 3695],
[1463403895439, 3876],
[1463404797602, 3801],
[1463405699312, 3832],
[1463406601091, 5534],
[1463407503380, 5705],
[1463408405120, 5364],
